3.300000000000000155e-01
3.302551020408163174e-01
3.305102040816326747e-01
3.307653061224489766e-01
3.310204081632653339e-01
3.312755102040816357e-01
3.315306122448979931e-01
3.317857142857142949e-01
3.320408163265306523e-01
3.322959183673469541e-01
3.325510204081632559e-01
3.328061224489796133e-01
3.330612244897959151e-01
3.333163265306122724e-01
3.335714285714285743e-01
3.338265306122449316e-01
3.340816326530612335e-01
3.343367346938775908e-01
3.345918367346938926e-01
3.348469387755102500e-01
3.351020408163265518e-01
3.353571428571428537e-01
3.356122448979592110e-01
3.358673469387755128e-01
3.361224489795918702e-01
3.363775510204081720e-01
3.366326530612245294e-01
3.368877551020408312e-01
3.371428571428571885e-01
3.373979591836734904e-01
3.376530612244897922e-01
3.379081632653061495e-01
3.381632653061224514e-01
3.384183673469388087e-01
3.386734693877551106e-01
3.389285714285714679e-01
3.391836734693877697e-01
3.394387755102041271e-01
3.396938775510204289e-01
3.399489795918367863e-01
3.402040816326530881e-01
3.404591836734693899e-01
3.407142857142857473e-01
3.409693877551020491e-01
3.412244897959184065e-01
3.414795918367347083e-01
3.417346938775510656e-01
3.419897959183673675e-01
3.422448979591837248e-01
3.425000000000000266e-01
