1.000000000000000000e+00
1.000000000000000000e+00
9.666666666666660079e-01
9.644444444444437714e-01
9.566666666666659991e-01
9.233333333333334503e-01
9.144444444444445041e-01
9.066666666666666208e-01
9.033333333333334325e-01
8.800000000000001155e-01
8.600000000000002087e-01
8.399999999999998579e-01
8.222222222222225207e-01
8.088888888888887685e-01
8.066666666666665320e-01
7.844444444444447218e-01
7.866666666666669583e-01
7.777777777777775681e-01
7.644444444444447040e-01
7.655555555555557667e-01
7.633333333333330861e-01
7.677777777777775592e-01
7.611111111111111827e-01
7.677777777777777812e-01
7.666666666666667185e-01
7.844444444444443887e-01
7.755555555555555536e-01
7.866666666666666252e-01
7.944444444444445086e-01
8.000000000000000444e-01
7.911111111111110983e-01
7.988888888888889817e-01
8.077777777777778168e-01
8.166666666666667629e-01
8.266666666666667718e-01
8.322222222222221966e-01
8.311111111111111338e-01
8.444444444444444420e-01
8.544444444444444509e-01
8.566666666666667984e-01
8.655555555555555225e-01
8.666666666666666963e-01
8.577777777777776391e-01
8.644444444444443487e-01
8.644444444444444597e-01
8.755555555555556424e-01
8.788888888888889417e-01
8.777777777777778789e-01
8.811111111111110672e-01
8.922222222222220278e-01
8.966666666666666119e-01
9.077777777777775725e-01
9.233333333333332282e-01
9.399999999999997247e-01
9.511111111111107963e-01
9.566666666666664431e-01
9.655555555555552782e-01
9.711111111111108141e-01
9.722222222222219878e-01
9.855555555555554070e-01
9.955555555555554159e-01
9.977777777777777635e-01
1.000000000000000000e+00
1.000000000000000000e+00
1.000000000000000000e+00
1.000000000000000000e+00
9.666666666666660079e-01
9.666666666666660079e-01
9.666666666666660079e-01
9.666666666666660079e-01
9.666666666666660079e-01
9.333333333333334592e-01
9.333333333333334592e-01
9.333333333333334592e-01
8.999999999999995781e-01
8.999999999999995781e-01
8.999999999999995781e-01
8.999999999999995781e-01
8.666666666666670293e-01
8.666666666666670293e-01
7.666666666666667185e-01
7.666666666666667185e-01
7.666666666666667185e-01
7.666666666666667185e-01
7.666666666666667185e-01
8.000000000000003775e-01
8.333333333333331483e-01
8.333333333333331483e-01
8.666666666666670293e-01
8.666666666666670293e-01
8.666666666666670293e-01
8.999999999999995781e-01
8.999999999999995781e-01
9.333333333333334592e-01
9.333333333333334592e-01
9.333333333333334592e-01
9.666666666666660079e-01
1.000000000000000000e+00
1.000000000000000000e+00
1.000000000000000000e+00
