8.000000000000000444e-01
8.091836734693877986e-01
8.183673469387755528e-01
8.275510204081633070e-01
8.367346938775510612e-01
8.459183673469388154e-01
8.551020408163265696e-01
8.642857142857143238e-01
8.734693877551020780e-01
8.826530612244898322e-01
8.918367346938775864e-01
9.010204081632653406e-01
9.102040816326530948e-01
9.193877551020408490e-01
9.285714285714286031e-01
9.377551020408163573e-01
9.469387755102041115e-01
9.561224489795918657e-01
9.653061224489796199e-01
9.744897959183673741e-01
9.836734693877551283e-01
9.928571428571428825e-01
1.002040816326530637e+00
1.011224489795918391e+00
1.020408163265306145e+00
1.029591836734693899e+00
1.038775510204081653e+00
1.047959183673469408e+00
1.057142857142857162e+00
1.066326530612244916e+00
1.075510204081632670e+00
1.084693877551020424e+00
1.093877551020408179e+00
1.103061224489795933e+00
1.112244897959183687e+00
1.121428571428571441e+00
1.130612244897959195e+00
1.139795918367346950e+00
1.148979591836734704e+00
1.158163265306122458e+00
1.167346938775510212e+00
1.176530612244897966e+00
1.185714285714285721e+00
1.194897959183673475e+00
1.204081632653061229e+00
1.213265306122448983e+00
1.222448979591836737e+00
1.231632653061224492e+00
1.240816326530612246e+00
1.250000000000000000e+00
