0.000000000000000000e+00
4.040404040404040188e+03
8.080808080808080376e+03
1.212121212121212011e+04
1.616161616161616075e+04
2.020202020202020140e+04
2.424242424242424022e+04
2.828282828282828268e+04
3.232323232323232151e+04
3.636363636363636033e+04
4.040404040404040279e+04
4.444444444444444525e+04
4.848484848484848044e+04
5.252525252525252290e+04
5.656565656565656536e+04
6.060606060606060055e+04
6.464646464646464301e+04
6.868686868686867820e+04
7.272727272727272066e+04
7.676767676767676312e+04
8.080808080808080558e+04
8.484848484848484804e+04
8.888888888888889051e+04
9.292929292929291842e+04
9.696969696969696088e+04
1.010101010101010033e+05
1.050505050505050458e+05
1.090909090909090883e+05
1.131313131313131307e+05
1.171717171717171586e+05
1.212121212121212011e+05
1.252525252525252436e+05
1.292929292929292860e+05
1.333333333333333139e+05
1.373737373737373564e+05
1.414141414141413989e+05
1.454545454545454413e+05
1.494949494949494838e+05
1.535353535353535262e+05
1.575757575757575687e+05
1.616161616161616112e+05
1.656565656565656536e+05
1.696969696969696961e+05
1.737373737373737385e+05
1.777777777777777810e+05
1.818181818181817944e+05
1.858585858585858368e+05
1.898989898989898793e+05
1.939393939393939218e+05
1.979797979797979642e+05
2.020202020202020067e+05
2.060606060606060491e+05
2.101010101010100916e+05
2.141414141414141341e+05
2.181818181818181765e+05
2.222222222222222190e+05
2.262626262626262615e+05
2.303030303030303039e+05
2.343434343434343173e+05
2.383838383838383597e+05
2.424242424242424022e+05
2.464646464646464447e+05
2.505050505050504871e+05
2.545454545454545296e+05
2.585858585858585720e+05
2.626262626262626145e+05
2.666666666666666279e+05
2.707070707070706994e+05
2.747474747474747128e+05
2.787878787878787844e+05
2.828282828282827977e+05
2.868686868686868693e+05
2.909090909090908826e+05
2.949494949494949542e+05
2.989898989898989676e+05
3.030303030303030391e+05
3.070707070707070525e+05
3.111111111111110658e+05
3.151515151515151374e+05
3.191919191919191508e+05
3.232323232323232223e+05
3.272727272727272357e+05
3.313131313131313073e+05
3.353535353535353206e+05
3.393939393939393922e+05
3.434343434343434055e+05
3.474747474747474771e+05
3.515151515151514905e+05
3.555555555555555620e+05
3.595959595959595754e+05
3.636363636363635887e+05
3.676767676767676603e+05
3.717171717171716737e+05
3.757575757575757452e+05
3.797979797979797586e+05
3.838383838383838302e+05
3.878787878787878435e+05
3.919191919191919151e+05
3.959595959595959284e+05
4.000000000000000000e+05
