-1.500000000000000000e+00
-1.496240601503759482e+00
-1.492481203007518742e+00
-1.488721804511278224e+00
-1.484962406015037484e+00
-1.481203007518796966e+00
-1.477443609022556448e+00
-1.473684210526315708e+00
-1.469924812030075190e+00
-1.466165413533834672e+00
-1.462406015037593932e+00
-1.458646616541353414e+00
-1.454887218045112895e+00
-1.451127819548872155e+00
-1.447368421052631637e+00
-1.443609022556390897e+00
-1.439849624060150379e+00
-1.436090225563909861e+00
-1.432330827067669121e+00
-1.428571428571428603e+00
-1.424812030075187863e+00
-1.421052631578947345e+00
-1.417293233082706827e+00
-1.413533834586466087e+00
-1.409774436090225569e+00
-1.406015037593985051e+00
-1.402255639097744311e+00
-1.398496240601503793e+00
-1.394736842105263275e+00
-1.390977443609022535e+00
-1.387218045112782017e+00
-1.383458646616541277e+00
-1.379699248120300759e+00
-1.375939849624060241e+00
-1.372180451127819500e+00
-1.368421052631578982e+00
-1.364661654135338242e+00
-1.360902255639097724e+00
-1.357142857142857206e+00
-1.353383458646616466e+00
-1.349624060150375948e+00
-1.345864661654135430e+00
-1.342105263157894690e+00
-1.338345864661654172e+00
-1.334586466165413654e+00
-1.330827067669172914e+00
-1.327067669172932396e+00
-1.323308270676691656e+00
-1.319548872180451138e+00
-1.315789473684210620e+00
-1.312030075187969880e+00
-1.308270676691729362e+00
-1.304511278195488622e+00
-1.300751879699248104e+00
-1.296992481203007586e+00
-1.293233082706766846e+00
-1.289473684210526327e+00
-1.285714285714285809e+00
-1.281954887218045069e+00
-1.278195488721804551e+00
-1.274436090225564033e+00
-1.270676691729323293e+00
-1.266917293233082775e+00
-1.263157894736842035e+00
-1.259398496240601517e+00
-1.255639097744360999e+00
-1.251879699248120259e+00
-1.248120300751879741e+00
-1.244360902255639001e+00
-1.240601503759398483e+00
-1.236842105263157965e+00
-1.233082706766917447e+00
-1.229323308270676707e+00
-1.225563909774435967e+00
-1.221804511278195449e+00
-1.218045112781954931e+00
-1.214285714285714413e+00
-1.210526315789473673e+00
-1.206766917293233154e+00
-1.203007518796992414e+00
-1.199248120300751896e+00
-1.195488721804511378e+00
-1.191729323308270638e+00
-1.187969924812030120e+00
-1.184210526315789380e+00
-1.180451127819548862e+00
-1.176691729323308344e+00
-1.172932330827067826e+00
-1.169172932330827086e+00
-1.165413533834586346e+00
-1.161654135338345828e+00
-1.157894736842105310e+00
-1.154135338345864792e+00
-1.150375939849624052e+00
-1.146616541353383534e+00
-1.142857142857142794e+00
-1.139097744360902276e+00
-1.135338345864661758e+00
-1.131578947368421018e+00
-1.127819548872180500e+00
-1.124060150375939759e+00
-1.120300751879699241e+00
-1.116541353383458723e+00
-1.112781954887218205e+00
-1.109022556390977465e+00
-1.105263157894736725e+00
-1.101503759398496207e+00
-1.097744360902255689e+00
-1.093984962406015171e+00
-1.090225563909774431e+00
-1.086466165413533913e+00
-1.082706766917293173e+00
-1.078947368421052655e+00
-1.075187969924812137e+00
-1.071428571428571397e+00
-1.067669172932330879e+00
-1.063909774436090139e+00
-1.060150375939849621e+00
-1.056390977443609103e+00
-1.052631578947368585e+00
-1.048872180451127845e+00
-1.045112781954887105e+00
-1.041353383458646586e+00
-1.037593984962406068e+00
-1.033834586466165550e+00
-1.030075187969924810e+00
-1.026315789473684292e+00
-1.022556390977443552e+00
-1.018796992481203034e+00
-1.015037593984962516e+00
-1.011278195488721776e+00
-1.007518796992481258e+00
-1.003759398496240518e+00
-1.000000000000000000e+00
-9.962406015037594820e-01
-9.924812030075188529e-01
-9.887218045112782239e-01
-9.849624060150375948e-01
-9.812030075187969658e-01
-9.774436090225564477e-01
-9.736842105263158187e-01
-9.699248120300751896e-01
-9.661654135338346716e-01
-9.624060150375940426e-01
-9.586466165413534135e-01
-9.548872180451127845e-01
-9.511278195488721554e-01
-9.473684210526316374e-01
-9.436090225563910083e-01
-9.398496240601503793e-01
-9.360902255639098613e-01
-9.323308270676692322e-01
-9.285714285714286031e-01
-9.248120300751879741e-01
-9.210526315789473450e-01
-9.172932330827068270e-01
-9.135338345864661980e-01
-9.097744360902255689e-01
-9.060150375939850509e-01
-9.022556390977444218e-01
-8.984962406015037928e-01
-8.947368421052631637e-01
-8.909774436090225347e-01
-8.872180451127820167e-01
-8.834586466165413876e-01
-8.796992481203007586e-01
-8.759398496240602405e-01
-8.721804511278196115e-01
-8.684210526315789824e-01
-8.646616541353383534e-01
-8.609022556390977243e-01
-8.571428571428572063e-01
-8.533834586466165772e-01
-8.496240601503759482e-01
-8.458646616541354302e-01
-8.421052631578948011e-01
-8.383458646616541721e-01
-8.345864661654135430e-01
-8.308270676691729140e-01
-8.270676691729323959e-01
-8.233082706766917669e-01
-8.195488721804511378e-01
-8.157894736842106198e-01
-8.120300751879699908e-01
-8.082706766917293617e-01
-8.045112781954887327e-01
-8.007518796992481036e-01
-7.969924812030075856e-01
-7.932330827067669565e-01
-7.894736842105263275e-01
-7.857142857142858094e-01
-7.819548872180451804e-01
-7.781954887218045513e-01
-7.744360902255639223e-01
-7.706766917293232932e-01
-7.669172932330827752e-01
-7.631578947368421462e-01
-7.593984962406015171e-01
-7.556390977443609991e-01
-7.518796992481203700e-01
-7.481203007518797410e-01
-7.443609022556391119e-01
-7.406015037593984829e-01
-7.368421052631579649e-01
-7.330827067669173358e-01
-7.293233082706767068e-01
-7.255639097744361887e-01
-7.218045112781955597e-01
-7.180451127819549306e-01
-7.142857142857143016e-01
-7.105263157894736725e-01
-7.067669172932331545e-01
-7.030075187969925254e-01
-6.992481203007518964e-01
-6.954887218045113784e-01
-6.917293233082707493e-01
-6.879699248120301203e-01
-6.842105263157894912e-01
-6.804511278195488622e-01
-6.766917293233083441e-01
-6.729323308270677151e-01
-6.691729323308270860e-01
-6.654135338345865680e-01
-6.616541353383459390e-01
-6.578947368421053099e-01
-6.541353383458646809e-01
-6.503759398496240518e-01
-6.466165413533835338e-01
-6.428571428571429047e-01
-6.390977443609022757e-01
-6.353383458646617576e-01
-6.315789473684211286e-01
-6.278195488721804995e-01
-6.240601503759398705e-01
-6.203007518796992414e-01
-6.165413533834587234e-01
-6.127819548872180944e-01
-6.090225563909774653e-01
-6.052631578947369473e-01
-6.015037593984963182e-01
-5.977443609022556892e-01
-5.939849624060150601e-01
-5.902255639097744311e-01
-5.864661654135339131e-01
-5.827067669172932840e-01
-5.789473684210526550e-01
-5.751879699248121369e-01
-5.714285714285715079e-01
-5.676691729323308788e-01
-5.639097744360902498e-01
-5.601503759398496207e-01
-5.563909774436091027e-01
-5.526315789473684736e-01
-5.488721804511278446e-01
-5.451127819548873266e-01
-5.413533834586466975e-01
-5.375939849624060685e-01
-5.338345864661654394e-01
-5.300751879699248104e-01
-5.263157894736842923e-01
-5.225563909774436633e-01
-5.187969924812030342e-01
-5.150375939849625162e-01
-5.112781954887218872e-01
-5.075187969924812581e-01
-5.037593984962406291e-01
-5.000000000000000000e-01
-4.962406015037594820e-01
-4.924812030075189639e-01
-4.887218045112782239e-01
-4.849624060150377058e-01
-4.812030075187969658e-01
-4.774436090225564477e-01
-4.736842105263159297e-01
-4.699248120300751896e-01
-4.661654135338346716e-01
-4.624060150375939315e-01
-4.586466165413534135e-01
-4.548872180451128955e-01
-4.511278195488721554e-01
-4.473684210526316374e-01
-4.436090225563911194e-01
-4.398496240601503793e-01
-4.360902255639098613e-01
-4.323308270676693432e-01
-4.285714285714286031e-01
-4.248120300751880851e-01
-4.210526315789473450e-01
-4.172932330827068270e-01
-4.135338345864663090e-01
-4.097744360902255689e-01
-4.060150375939850509e-01
-4.022556390977443108e-01
-3.984962406015037928e-01
-3.947368421052632748e-01
-3.909774436090225347e-01
-3.872180451127820167e-01
-3.834586466165414986e-01
-3.796992481203007586e-01
-3.759398496240602405e-01
-3.721804511278197225e-01
-3.684210526315789824e-01
-3.646616541353384644e-01
-3.609022556390977243e-01
-3.571428571428572063e-01
-3.533834586466166883e-01
-3.496240601503759482e-01
-3.458646616541354302e-01
-3.421052631578946901e-01
-3.383458646616541721e-01
-3.345864661654136540e-01
-3.308270676691729140e-01
-3.270676691729323959e-01
-3.233082706766918779e-01
-3.195488721804511378e-01
-3.157894736842106198e-01
-3.120300751879701018e-01
-3.082706766917293617e-01
-3.045112781954888437e-01
-3.007518796992481036e-01
-2.969924812030075856e-01
-2.932330827067670675e-01
-2.894736842105263275e-01
-2.857142857142858094e-01
-2.819548872180450694e-01
-2.781954887218045513e-01
-2.744360902255640333e-01
-2.706766917293232932e-01
-2.669172932330827752e-01
-2.631578947368422572e-01
-2.593984962406015171e-01
-2.556390977443609991e-01
-2.518796992481204811e-01
-2.481203007518797410e-01
-2.443609022556392230e-01
-2.406015037593984829e-01
-2.368421052631579649e-01
-2.330827067669174468e-01
-2.293233082706767068e-01
-2.255639097744361887e-01
-2.218045112781954487e-01
-2.180451127819549306e-01
-2.142857142857144126e-01
-2.105263157894736725e-01
-2.067669172932331545e-01
-2.030075187969926365e-01
-1.992481203007518964e-01
-1.954887218045113784e-01
-1.917293233082708603e-01
-1.879699248120301203e-01
-1.842105263157896022e-01
-1.804511278195488622e-01
-1.766917293233083441e-01
-1.729323308270678261e-01
-1.691729323308270860e-01
-1.654135338345865680e-01
-1.616541353383458279e-01
-1.578947368421053099e-01
-1.541353383458647919e-01
-1.503759398496240518e-01
-1.466165413533835338e-01
-1.428571428571430157e-01
-1.390977443609022757e-01
-1.353383458646617576e-01
-1.315789473684212396e-01
-1.278195488721804995e-01
-1.240601503759399815e-01
-1.203007518796992414e-01
-1.165413533834587234e-01
-1.127819548872182054e-01
-1.090225563909774653e-01
-1.052631578947369473e-01
-1.015037593984962072e-01
-9.774436090225568918e-02
-9.398496240601517115e-02
-9.022556390977443108e-02
-8.646616541353391305e-02
-8.270676691729339503e-02
-7.894736842105265495e-02
-7.518796992481213692e-02
-7.142857142857161890e-02
-6.766917293233087882e-02
-6.390977443609036079e-02
-6.015037593984962072e-02
-5.639097744360910269e-02
-5.263157894736858466e-02
-4.887218045112784459e-02
-4.511278195488732656e-02
-4.135338345864658649e-02
-3.759398496240606846e-02
-3.383458646616555043e-02
-3.007518796992481036e-02
-2.631578947368429233e-02
-2.255639097744377430e-02
-1.879699248120303423e-02
-1.503759398496251620e-02
-1.127819548872199817e-02
-7.518796992481258101e-03
-3.759398496240740073e-03
0.000000000000000000e+00
