1.000000000000000000e+00
9.955555555555556380e-01
9.941666666666667540e-01
9.927777777777780921e-01
9.861111111111111605e-01
9.838888888888891460e-01
9.822222222222224408e-01
9.794444444444447839e-01
9.749999999999998668e-01
9.791666666666667407e-01
9.736111111111109828e-01
9.727777777777777413e-01
9.691666666666661767e-01
9.649999999999997469e-01
9.649999999999995248e-01
9.641666666666662833e-01
9.574999999999996847e-01
9.588888888888884576e-01
9.502777777777776658e-01
9.483333333333330284e-01
9.519444444444441489e-01
9.416666666666664298e-01
9.358333333333332948e-01
9.324999999999998845e-01
9.316666666666667540e-01
9.355555555555558067e-01
9.227777777777779189e-01
9.336111111111111693e-01
9.258333333333332860e-01
9.194444444444445086e-01
9.183333333333335569e-01
9.125000000000001998e-01
9.083333333333334370e-01
9.141666666666667940e-01
9.091666666666669006e-01
9.113888888888888040e-01
9.047222222222223165e-01
8.991666666666665586e-01
8.972222222222221433e-01
8.986111111111111382e-01
8.997222222222222010e-01
8.866666666666666030e-01
8.761111111111110628e-01
8.880555555555555980e-01
8.738888888888889372e-01
8.727777777777776524e-01
8.722222222222222321e-01
8.736111111111112271e-01
8.727777777777775414e-01
8.636111111111108851e-01
8.605555555555554070e-01
8.594444444444444553e-01
8.597222222222223875e-01
8.572222222222222188e-01
8.605555555555557401e-01
8.550000000000000933e-01
8.422222222222224275e-01
8.474999999999998090e-01
8.519444444444441711e-01
8.422222222222222054e-01
8.427777777777778478e-01
8.494444444444444464e-01
8.380555555555556646e-01
8.363888888888888484e-01
8.352777777777778967e-01
8.272222222222223031e-01
8.224999999999997868e-01
8.338888888888889017e-01
8.199999999999999512e-01
8.130555555555555314e-01
8.158333333333332993e-01
8.161111111111112315e-01
8.152777777777779900e-01
8.172222222222224053e-01
8.127777777777777102e-01
8.141666666666668162e-01
8.074999999999999956e-01
8.122222222222220678e-01
8.052777777777778700e-01
7.941666666666666874e-01
7.991666666666665808e-01
8.055555555555556912e-01
8.119444444444445796e-01
7.952777777777779722e-01
8.030555555555556335e-01
7.997222222222226673e-01
7.947222222222222188e-01
7.952777777777778612e-01
7.925000000000002043e-01
7.891666666666666829e-01
7.891666666666665719e-01
7.899999999999999245e-01
8.005555555555555758e-01
7.991666666666664698e-01
7.916666666666667407e-01
7.944444444444445086e-01
7.761111111111110850e-01
7.966666666666669672e-01
8.038888888888889861e-01
7.858333333333333837e-01
7.908333333333333881e-01
7.883333333333334414e-01
7.908333333333332771e-01
7.847222222222222099e-01
7.927777777777779145e-01
7.883333333333332194e-01
7.852777777777777413e-01
7.850000000000001421e-01
7.938888888888889772e-01
7.958333333333336146e-01
7.933333333333332238e-01
7.866666666666668473e-01
7.950000000000000400e-01
7.866666666666667362e-01
7.811111111111112004e-01
7.891666666666666829e-01
7.869444444444443354e-01
7.919444444444445619e-01
7.938888888888888662e-01
7.866666666666669583e-01
7.844444444444443887e-01
7.950000000000000400e-01
7.969444444444443443e-01
8.055555555555554692e-01
7.930555555555556246e-01
7.969444444444443443e-01
8.044444444444445175e-01
7.897222222222223253e-01
8.047222222222223387e-01
8.019444444444445708e-01
8.122222222222222898e-01
8.044444444444445175e-01
7.969444444444442333e-01
8.111111111111112271e-01
8.072222222222220633e-01
8.091666666666665897e-01
8.169444444444444731e-01
8.102777777777777635e-01
8.183333333333334680e-01
8.191666666666665986e-01
8.100000000000000533e-01
8.108333333333332948e-01
8.283333333333332549e-01
8.177777777777776036e-01
8.191666666666663765e-01
8.255555555555554870e-01
8.230555555555555403e-01
8.213888888888887241e-01
8.216666666666667673e-01
8.208333333333333037e-01
8.338888888888887907e-01
8.311111111111109118e-01
8.372222222222223120e-01
8.352777777777777857e-01
8.200000000000002842e-01
8.266666666666665497e-01
8.286111111111107430e-01
8.355555555555553848e-01
8.336111111111108585e-01
8.452777777777777946e-01
8.388888888888887951e-01
8.374999999999999112e-01
8.349999999999997424e-01
8.447222222222222632e-01
8.469444444444444997e-01
8.383333333333333748e-01
8.472222222222219878e-01
8.497222222222221566e-01
8.413888888888886308e-01
8.397222222222221477e-01
8.608333333333333393e-01
8.511111111111111516e-01
8.469444444444442777e-01
8.499999999999999778e-01
8.586111111111111027e-01
8.561111111111112670e-01
8.588888888888888129e-01
8.588888888888889239e-01
8.655555555555553005e-01
8.522222222222222143e-01
8.597222222222221655e-01
8.666666666666665853e-01
8.686111111111111116e-01
8.683333333333334014e-01
8.741666666666667584e-01
8.686111111111111116e-01
8.750000000000002220e-01
8.727777777777777635e-01
8.794444444444444731e-01
8.736111111111114491e-01
8.827777777777776613e-01
8.866666666666664920e-01
8.716666666666665897e-01
8.755555555555555314e-01
8.838888888888889461e-01
8.830555555555558156e-01
8.922222222222221388e-01
8.980555555555557179e-01
8.877777777777778878e-01
8.888888888888887285e-01
8.933333333333333126e-01
8.952777777777778390e-01
8.933333333333333126e-01
9.011111111111109739e-01
8.983333333333335391e-01
8.991666666666667806e-01
9.047222222222222054e-01
9.044444444444447173e-01
9.133333333333334414e-01
9.063888888888892437e-01
9.038888888888890749e-01
9.072222222222222632e-01
9.138888888888890838e-01
9.099999999999999201e-01
9.236111111111110494e-01
9.152777777777779677e-01
9.152777777777777457e-01
9.252777777777778656e-01
9.211111111111111027e-01
9.252777777777778656e-01
9.233333333333334503e-01
9.272222222222222809e-01
9.280555555555555225e-01
9.352777777777776524e-01
9.350000000000001643e-01
9.344444444444445219e-01
9.347222222222221211e-01
9.358333333333334059e-01
9.413888888888887196e-01
9.408333333333332993e-01
9.461111111111111249e-01
9.436111111111109562e-01
9.455555555555554825e-01
9.455555555555553715e-01
9.536111111111108540e-01
9.513888888888886175e-01
9.522222222222220811e-01
9.494444444444440911e-01
9.563888888888887330e-01
9.580555555555554381e-01
9.555555555555553804e-01
9.591666666666665009e-01
9.577777777777777279e-01
9.597222222222221433e-01
9.652777777777774570e-01
9.627777777777777324e-01
9.658333333333330994e-01
9.658333333333334325e-01
9.688888888888887996e-01
9.697222222222222632e-01
9.722222222222219878e-01
9.741666666666668473e-01
9.702777777777775725e-01
9.741666666666668473e-01
9.708333333333333259e-01
9.766666666666666829e-01
9.749999999999997558e-01
9.841666666666668561e-01
9.863888888888890927e-01
9.852777777777779189e-01
9.875000000000001554e-01
9.883333333333335080e-01
9.905555555555558556e-01
9.908333333333333437e-01
9.916666666666669183e-01
9.916666666666669183e-01
9.908333333333335657e-01
9.880555555555557978e-01
9.836111111111114358e-01
9.855555555555557401e-01
9.797222222222222721e-01
9.761111111111113736e-01
9.769444444444445041e-01
9.758333333333332194e-01
9.694444444444443310e-01
9.683333333333331572e-01
9.641666666666667274e-01
9.599999999999996314e-01
9.605555555555554959e-01
9.563888888888887330e-01
9.536111111111108540e-01
9.519444444444439268e-01
9.477777777777777191e-01
9.424999999999996714e-01
9.433333333333332460e-01
9.455555555555553715e-01
9.380555555555554204e-01
9.452777777777775503e-01
9.427777777777776036e-01
9.291666666666669183e-01
9.291666666666669183e-01
9.241666666666669139e-01
9.286111111111112759e-01
9.219444444444445663e-01
9.225000000000002087e-01
9.186111111111112670e-01
9.227777777777779189e-01
9.047222222222224275e-01
9.161111111111114313e-01
9.119444444444444464e-01
9.136111111111113736e-01
9.072222222222222632e-01
8.977777777777780077e-01
8.974999999999998535e-01
9.044444444444444953e-01
8.902777777777776125e-01
8.847222222222225207e-01
8.900000000000001243e-01
8.936111111111112448e-01
8.794444444444444731e-01
8.827777777777779944e-01
8.761111111111111738e-01
8.713888888888888795e-01
8.694444444444442421e-01
8.680555555555554692e-01
8.747222222222225119e-01
8.674999999999998268e-01
8.616666666666666918e-01
8.663888888888887641e-01
8.586111111111109917e-01
8.613888888888888706e-01
8.455555555555552827e-01
8.486111111111110938e-01
8.427777777777777368e-01
8.450000000000001954e-01
8.347222222222223653e-01
8.208333333333333037e-01
8.161111111111112315e-01
8.130555555555555314e-01
8.102777777777776524e-01
8.061111111111111116e-01
8.152777777777777679e-01
8.088888888888889905e-01
8.199999999999997291e-01
8.222222222222221877e-01
8.358333333333336501e-01
8.405555555555555003e-01
8.416666666666667851e-01
8.427777777777775148e-01
8.513888888888890838e-01
8.477777777777777413e-01
8.500000000000003109e-01
8.588888888888887019e-01
8.691666666666665320e-01
8.655555555555554115e-01
8.713888888888885464e-01
8.702777777777777057e-01
8.700000000000002176e-01
8.688888888888891548e-01
8.752777777777775992e-01
8.708333333333333481e-01
8.822222222222222410e-01
8.891666666666667718e-01
8.852777777777778301e-01
8.944444444444444864e-01
8.880555555555555980e-01
8.952777777777778390e-01
8.947222222222224186e-01
9.044444444444447173e-01
9.005555555555556646e-01
9.083333333333334370e-01
8.988888888888889594e-01
9.061111111111112004e-01
9.091666666666667895e-01
9.119444444444442244e-01
9.208333333333332815e-01
9.161111111111110983e-01
9.191666666666670205e-01
9.177777777777779145e-01
9.233333333333335613e-01
9.252777777777778656e-01
9.288888888888889861e-01
9.333333333333333481e-01
9.341666666666665897e-01
9.338888888888889905e-01
9.408333333333334103e-01
9.341666666666665897e-01
9.477777777777777191e-01
9.502777777777776658e-01
9.502777777777778878e-01
9.516666666666662167e-01
9.569444444444442643e-01
9.588888888888889017e-01
9.588888888888884576e-01
9.580555555555553271e-01
9.616666666666665586e-01
9.666666666666666741e-01
9.725000000000000311e-01
9.752777777777780210e-01
9.749999999999998668e-01
9.772222222222224364e-01
9.827777777777780832e-01
9.813888888888891993e-01
9.847222222222223875e-01
9.897222222222225030e-01
9.911111111111113869e-01
9.933333333333336235e-01
9.966666666666668117e-01
1.000000000000000000e+00
1.000000000000000000e+00
