1.000000000000000000e+00
9.974937343358396546e-01
9.949874686716791983e-01
9.924812030075188529e-01
9.899749373433582855e-01
9.874686716791979402e-01
9.849624060150375948e-01
9.824561403508771384e-01
9.799498746867167931e-01
9.774436090225564477e-01
9.749373433583959914e-01
9.724310776942356460e-01
9.699248120300753007e-01
9.674185463659147333e-01
9.649122807017543879e-01
9.624060150375939315e-01
9.598997493734335862e-01
9.573934837092732408e-01
9.548872180451127845e-01
9.523809523809524391e-01
9.498746867167918717e-01
9.473684210526315264e-01
9.448621553884711810e-01
9.423558897243107246e-01
9.398496240601503793e-01
9.373433583959900339e-01
9.348370927318295776e-01
9.323308270676692322e-01
9.298245614035088868e-01
9.273182957393483195e-01
9.248120300751879741e-01
9.223057644110275177e-01
9.197994987468671724e-01
9.172932330827068270e-01
9.147869674185463706e-01
9.122807017543860253e-01
9.097744360902254579e-01
9.072681704260651125e-01
9.047619047619047672e-01
9.022556390977443108e-01
8.997493734335839655e-01
8.972431077694236201e-01
8.947368421052631637e-01
8.922305764411028184e-01
8.897243107769424730e-01
8.872180451127819056e-01
8.847117794486215603e-01
8.822055137844611039e-01
8.796992481203007586e-01
8.771929824561404132e-01
8.746867167919799568e-01
8.721804511278196115e-01
8.696741854636590441e-01
8.671679197994986987e-01
8.646616541353383534e-01
8.621553884711778970e-01
8.596491228070175517e-01
8.571428571428572063e-01
8.546365914786967499e-01
8.521303258145364046e-01
8.496240601503760592e-01
8.471177944862154918e-01
8.446115288220551465e-01
8.421052631578946901e-01
8.395989974937343447e-01
8.370927318295739994e-01
8.345864661654135430e-01
8.320802005012531977e-01
8.295739348370926303e-01
8.270676691729322849e-01
8.245614035087719396e-01
8.220551378446115942e-01
8.195488721804511378e-01
8.170426065162906815e-01
8.145363408521303361e-01
8.120300751879699908e-01
8.095238095238096454e-01
8.070175438596490780e-01
8.045112781954887327e-01
8.020050125313282763e-01
7.994987468671679309e-01
7.969924812030075856e-01
7.944862155388471292e-01
7.919799498746867839e-01
7.894736842105262165e-01
7.869674185463658711e-01
7.844611528822055257e-01
7.819548872180451804e-01
7.794486215538847240e-01
7.769423558897242676e-01
7.744360902255639223e-01
7.719298245614035769e-01
7.694235588972432316e-01
7.669172932330826642e-01
7.644110275689223188e-01
7.619047619047618625e-01
7.593984962406015171e-01
7.568922305764411718e-01
7.543859649122807154e-01
7.518796992481203700e-01
7.493734335839599137e-01
7.468671679197995683e-01
7.443609022556392230e-01
7.418546365914788776e-01
7.393483709273183102e-01
7.368421052631577428e-01
7.343358395989973975e-01
7.318295739348370521e-01
7.293233082706767068e-01
7.268170426065163614e-01
7.243107769423560161e-01
7.218045112781954487e-01
7.192982456140351033e-01
7.167919799498747579e-01
7.142857142857141906e-01
7.117794486215538452e-01
7.092731829573934998e-01
7.067669172932331545e-01
7.042606516290728091e-01
7.017543859649124638e-01
6.992481203007518964e-01
6.967418546365913290e-01
6.967418546365915510e-01
6.992481203007518964e-01
7.017543859649122417e-01
7.042606516290728091e-01
7.067669172932331545e-01
7.092731829573934998e-01
7.117794486215538452e-01
7.142857142857141906e-01
7.167919799498747579e-01
7.192982456140351033e-01
7.218045112781956707e-01
7.243107769423560161e-01
7.268170426065163614e-01
7.293233082706767068e-01
7.318295739348370521e-01
7.343358395989976195e-01
7.368421052631579649e-01
7.393483709273183102e-01
7.418546365914786556e-01
7.443609022556392230e-01
7.468671679197995683e-01
7.493734335839599137e-01
7.518796992481203700e-01
7.543859649122807154e-01
7.568922305764411718e-01
7.593984962406015171e-01
7.619047619047619735e-01
7.644110275689223188e-01
7.669172932330826642e-01
7.694235588972431206e-01
7.719298245614035769e-01
7.744360902255639223e-01
7.769423558897243787e-01
7.794486215538847240e-01
7.819548872180451804e-01
7.844611528822055257e-01
7.869674185463658711e-01
7.894736842105263275e-01
7.919799498746867839e-01
7.944862155388471292e-01
7.969924812030075856e-01
7.994987468671679309e-01
8.020050125313283873e-01
8.045112781954887327e-01
8.070175438596490780e-01
8.095238095238095344e-01
8.120300751879699908e-01
8.145363408521303361e-01
8.170426065162907925e-01
8.195488721804511378e-01
8.220551378446115942e-01
8.245614035087719396e-01
8.270676691729322849e-01
8.295739348370927413e-01
8.320802005012531977e-01
8.345864661654135430e-01
8.370927318295739994e-01
8.395989974937343447e-01
8.421052631578948011e-01
8.446115288220551465e-01
8.471177944862154918e-01
8.496240601503759482e-01
8.521303258145364046e-01
8.546365914786967499e-01
8.571428571428572063e-01
8.596491228070175517e-01
8.621553884711780080e-01
8.646616541353383534e-01
8.671679197994986987e-01
8.696741854636591551e-01
8.721804511278196115e-01
8.746867167919799568e-01
8.771929824561404132e-01
8.796992481203007586e-01
8.822055137844612149e-01
8.847117794486215603e-01
8.872180451127819056e-01
8.897243107769423620e-01
8.922305764411028184e-01
8.947368421052631637e-01
8.972431077694236201e-01
8.997493734335839655e-01
9.022556390977444218e-01
9.047619047619047672e-01
9.072681704260651125e-01
9.097744360902255689e-01
9.122807017543860253e-01
9.147869674185463706e-01
9.172932330827068270e-01
9.197994987468671724e-01
9.223057644110276287e-01
9.248120300751879741e-01
9.273182957393483195e-01
9.298245614035087758e-01
9.323308270676692322e-01
9.348370927318295776e-01
9.373433583959900339e-01
9.398496240601503793e-01
9.423558897243108357e-01
9.448621553884711810e-01
9.473684210526315264e-01
9.498746867167919827e-01
9.523809523809524391e-01
9.548872180451127845e-01
9.573934837092732408e-01
9.598997493734335862e-01
9.624060150375940426e-01
9.649122807017543879e-01
9.674185463659147333e-01
9.699248120300751896e-01
9.724310776942356460e-01
9.749373433583959914e-01
9.774436090225564477e-01
9.799498746867167931e-01
9.824561403508772495e-01
9.849624060150375948e-01
9.874686716791979402e-01
9.899749373433583965e-01
9.924812030075188529e-01
9.949874686716791983e-01
9.974937343358396546e-01
1.000000000000000000e+00
9.974937343358395436e-01
9.949874686716791983e-01
9.924812030075188529e-01
9.899749373433583965e-01
9.874686716791979402e-01
9.849624060150375948e-01
9.824561403508771384e-01
9.799498746867167931e-01
9.774436090225563367e-01
9.749373433583959914e-01
9.724310776942356460e-01
9.699248120300751896e-01
9.674185463659147333e-01
9.649122807017543879e-01
9.624060150375939315e-01
9.598997493734335862e-01
9.573934837092731298e-01
9.548872180451127845e-01
9.523809523809524391e-01
9.498746867167919827e-01
9.473684210526315264e-01
9.448621553884711810e-01
9.423558897243107246e-01
9.398496240601503793e-01
9.373433583959900339e-01
9.348370927318295776e-01
9.323308270676692322e-01
9.298245614035086648e-01
9.273182957393483195e-01
9.248120300751879741e-01
9.223057644110275177e-01
9.197994987468671724e-01
9.172932330827067160e-01
9.147869674185463706e-01
9.122807017543860253e-01
9.097744360902254579e-01
9.072681704260651125e-01
9.047619047619047672e-01
9.022556390977443108e-01
8.997493734335839655e-01
8.972431077694236201e-01
8.947368421052631637e-01
8.922305764411028184e-01
8.897243107769422510e-01
8.872180451127819056e-01
8.847117794486215603e-01
8.822055137844611039e-01
8.796992481203007586e-01
8.771929824561403022e-01
8.746867167919799568e-01
8.721804511278196115e-01
8.696741854636590441e-01
8.671679197994986987e-01
8.646616541353383534e-01
8.621553884711778970e-01
8.596491228070175517e-01
8.571428571428572063e-01
8.546365914786967499e-01
8.521303258145364046e-01
8.496240601503758372e-01
8.471177944862154918e-01
8.446115288220551465e-01
8.421052631578946901e-01
8.395989974937343447e-01
8.370927318295738884e-01
8.345864661654135430e-01
8.320802005012531977e-01
8.295739348370926303e-01
8.270676691729322849e-01
8.245614035087719396e-01
8.220551378446114832e-01
8.195488721804511378e-01
8.170426065162907925e-01
8.145363408521303361e-01
8.120300751879699908e-01
8.095238095238094234e-01
8.070175438596490780e-01
8.045112781954887327e-01
8.070175438596490780e-01
8.095238095238094234e-01
8.120300751879699908e-01
8.145363408521303361e-01
8.170426065162906815e-01
8.195488721804511378e-01
8.220551378446114832e-01
8.245614035087718285e-01
8.270676691729322849e-01
8.295739348370926303e-01
8.320802005012529756e-01
8.345864661654135430e-01
8.370927318295738884e-01
8.395989974937343447e-01
8.421052631578946901e-01
8.446115288220550354e-01
8.471177944862154918e-01
8.496240601503758372e-01
8.521303258145364046e-01
8.546365914786967499e-01
8.571428571428570953e-01
8.596491228070175517e-01
8.621553884711778970e-01
8.646616541353382424e-01
8.671679197994986987e-01
8.696741854636590441e-01
8.721804511278193894e-01
8.746867167919799568e-01
8.771929824561403022e-01
8.796992481203007586e-01
8.822055137844611039e-01
8.847117794486214493e-01
8.872180451127819056e-01
8.897243107769422510e-01
8.922305764411028184e-01
8.947368421052631637e-01
8.972431077694235091e-01
8.997493734335839655e-01
9.022556390977443108e-01
9.047619047619046562e-01
9.072681704260651125e-01
9.097744360902254579e-01
9.122807017543858032e-01
9.147869674185463706e-01
9.172932330827067160e-01
9.197994987468671724e-01
9.223057644110275177e-01
9.248120300751878631e-01
9.273182957393483195e-01
9.298245614035086648e-01
9.323308270676692322e-01
9.348370927318295776e-01
9.373433583959899229e-01
9.398496240601503793e-01
9.423558897243107246e-01
9.448621553884710700e-01
9.473684210526315264e-01
9.498746867167918717e-01
9.523809523809522171e-01
9.548872180451127845e-01
9.573934837092731298e-01
9.598997493734335862e-01
9.624060150375939315e-01
9.649122807017542769e-01
9.674185463659147333e-01
9.699248120300750786e-01
9.724310776942356460e-01
9.749373433583959914e-01
9.774436090225563367e-01
9.799498746867167931e-01
9.824561403508771384e-01
9.849624060150374838e-01
9.874686716791979402e-01
9.899749373433582855e-01
9.924812030075186309e-01
9.949874686716791983e-01
9.974937343358395436e-01
1.000000000000000000e+00
