1.000000000000000000e+00
9.959259259259257702e-01
9.881481481481482199e-01
9.892592592592592826e-01
9.844444444444445663e-01
9.799999999999999822e-01
9.785185185185183432e-01
9.744444444444441134e-01
9.711111111111108141e-01
9.666666666666665630e-01
9.592592592592590339e-01
9.577777777777776169e-01
9.544444444444440956e-01
9.503703703703700878e-01
9.437037037037033782e-01
9.392592592592589051e-01
9.381481481481479534e-01
9.307407407407405353e-01
9.333333333333331261e-01
9.181481481481481577e-01
9.296296296296294726e-01
9.288888888888886530e-01
9.196296296296294637e-01
9.077777777777776835e-01
9.107407407407406286e-01
9.062962962962962665e-01
8.992592592592590917e-01
8.900000000000000133e-01
8.911111111111111871e-01
8.940740740740740211e-01
8.859259259259257835e-01
8.800000000000001155e-01
8.788888888888888307e-01
8.774074074074074137e-01
8.807407407407406019e-01
8.685185185185186896e-01
8.762962962962961289e-01
8.640740740740737724e-01
8.514814814814815058e-01
8.562962962962963331e-01
8.551851851851852704e-01
8.522222222222222143e-01
8.466666666666665675e-01
8.548148148148148051e-01
8.459259259259257480e-01
8.348148148148148984e-01
8.388888888888889062e-01
8.429629629629629139e-01
8.270370370370370150e-01
8.266666666666667718e-01
8.311111111111112448e-01
8.251851851851853548e-01
8.322222222222224186e-01
8.188888888888888884e-01
8.237037037037037157e-01
8.155555555555555891e-01
8.259259259259261743e-01
8.233333333333331394e-01
8.229629629629630072e-01
8.181481481481480689e-01
8.218518518518517224e-01
8.111111111111112271e-01
8.003703703703702876e-01
8.103703703703704075e-01
8.014814814814814614e-01
8.018518518518520377e-01
7.925925925925925153e-01
8.188888888888887774e-01
8.111111111111112271e-01
8.174074074074073604e-01
8.140740740740740611e-01
8.114814814814816923e-01
8.214814814814814792e-01
8.155555555555554781e-01
8.077777777777778168e-01
8.103703703703702965e-01
8.177777777777779367e-01
8.122222222222222898e-01
8.159259259259259434e-01
8.159259259259260544e-01
8.211111111111111249e-01
8.066666666666667540e-01
8.129629629629628873e-01
8.233333333333334725e-01
8.285185185185184320e-01
8.229629629629630072e-01
8.207407407407408817e-01
8.177777777777780477e-01
8.407407407407407884e-01
8.203703703703703054e-01
8.240740740740739589e-01
8.274074074074075913e-01
8.133333333333333526e-01
8.181481481481481799e-01
8.351851851851852526e-01
8.188888888888887774e-01
8.337037037037038356e-01
8.214814814814815902e-01
8.188888888888888884e-01
8.370370370370370239e-01
8.270370370370372370e-01
8.455555555555555047e-01
8.266666666666667718e-01
8.240740740740740700e-01
8.359259259259258501e-01
8.355555555555554959e-01
8.418518518518517402e-01
8.392592592592591494e-01
8.418518518518518512e-01
8.381481481481479756e-01
8.425925925925926707e-01
8.425925925925924487e-01
8.451851851851852615e-01
8.485185185185184498e-01
8.514814814814816168e-01
8.474074074074072760e-01
8.644444444444443487e-01
8.625925925925925775e-01
8.607407407407408062e-01
8.559259259259258679e-01
8.522222222222223253e-01
8.681481481481482243e-01
8.559259259259259789e-01
8.644444444444444597e-01
8.681481481481480023e-01
8.703703703703703498e-01
8.659259259259257657e-01
8.718518518518518778e-01
8.674074074074072938e-01
8.651851851851851682e-01
8.696296296296296413e-01
8.751851851851851771e-01
8.825925925925924842e-01
8.803703703703703587e-01
8.929629629629628473e-01
8.862962962962961377e-01
8.825925925925924842e-01
8.903703703703702566e-01
8.944444444444442643e-01
8.922222222222221388e-01
8.996296296296296680e-01
8.981481481481481399e-01
9.022222222222222587e-01
9.029629629629628562e-01
9.096296296296294548e-01
9.044444444444442732e-01
9.122222222222222676e-01
9.074074074074076623e-01
9.111111111111110938e-01
9.151851851851849906e-01
9.033333333333332105e-01
9.074074074074072183e-01
9.225925925925925197e-01
9.085185185185183920e-01
9.207407407407404154e-01
9.237037037037034715e-01
9.229629629629627630e-01
9.303703703703701811e-01
9.199999999999999289e-01
9.307407407407404243e-01
9.329629629629626608e-01
9.322222222222220633e-01
9.237037037037035825e-01
9.351851851851851194e-01
9.425925925925923154e-01
9.377777777777775992e-01
9.451851851851847952e-01
9.418518518518517180e-01
9.385185185185183077e-01
9.399999999999998357e-01
9.492592592592589140e-01
9.451851851851847952e-01
9.392592592592592382e-01
9.533333333333330328e-01
9.514814814814812616e-01
9.488888888888885598e-01
9.551851851851846931e-01
9.570370370370367974e-01
9.570370370370369084e-01
9.599999999999998535e-01
9.614814814814812705e-01
9.581481481481476381e-01
9.629629629629626875e-01
9.666666666666665630e-01
9.711111111111108141e-01
9.762962962962962177e-01
9.733333333333333837e-01
9.766666666666664609e-01
9.814814814814815103e-01
9.759259259259258634e-01
9.792592592592589407e-01
9.777777777777777457e-01
9.829629629629625942e-01
9.870370370370369351e-01
9.840740740740738790e-01
9.844444444444443443e-01
9.914814814814812971e-01
9.959259259259258812e-01
9.951851851851849506e-01
9.929629629629628251e-01
9.899999999999999911e-01
9.851851851851850528e-01
9.851851851851850528e-01
9.818518518518516425e-01
9.766666666666665719e-01
9.737037037037036269e-01
9.729629629629624743e-01
9.670370370370366953e-01
9.681481481481476470e-01
9.588888888888889017e-01
9.577777777777775059e-01
9.611111111111106942e-01
9.477777777777774970e-01
9.499999999999996225e-01
9.455555555555553715e-01
9.399999999999999467e-01
9.374074074074072449e-01
9.311111111111108896e-01
9.285185185185186318e-01
9.259259259259257080e-01
9.303703703703702921e-01
9.211111111111109917e-01
9.199999999999998179e-01
9.125925925925925108e-01
9.107407407407406286e-01
9.033333333333334325e-01
9.092592592592592116e-01
8.948148148148146186e-01
8.985185185185184942e-01
8.870370370370370683e-01
8.948148148148147296e-01
8.896296296296295480e-01
8.814814814814813104e-01
8.837037037037036580e-01
8.862962962962962488e-01
8.733333333333332948e-01
8.718518518518515448e-01
8.566666666666663543e-01
8.666666666666666963e-01
8.611111111111110494e-01
8.648148148148150360e-01
8.529629629629628118e-01
8.359259259259259611e-01
8.503703703703703320e-01
8.281481481481481888e-01
8.348148148148147873e-01
8.151851851851853459e-01
8.155555555555557001e-01
8.107407407407409838e-01
8.118518518518519356e-01
8.355555555555553848e-01
8.266666666666666607e-01
8.255555555555555980e-01
8.385185185185185519e-01
8.485185185185185608e-01
8.574074074074073959e-01
8.637037037037037512e-01
8.644444444444443487e-01
8.666666666666666963e-01
8.670370370370368285e-01
8.629629629629629317e-01
8.781481481481480111e-01
8.733333333333331838e-01
8.733333333333331838e-01
8.759259259259256636e-01
8.803703703703701366e-01
8.966666666666665009e-01
8.940740740740739101e-01
8.937037037037034448e-01
9.003703703703702654e-01
9.011111111111108629e-01
9.085185185185185031e-01
9.137037037037033516e-01
9.103703703703704964e-01
9.155555555555554559e-01
9.196296296296294637e-01
9.266666666666664165e-01
9.296296296296292505e-01
9.274074074074071250e-01
9.262962962962961733e-01
9.292592592592593403e-01
9.418518518518516069e-01
9.488888888888886708e-01
9.511111111111109073e-01
9.514814814814811506e-01
9.551851851851850261e-01
9.562962962962960889e-01
9.562962962962958668e-01
9.651851851851849240e-01
9.633333333333330417e-01
9.729629629629629184e-01
9.729629629629628074e-01
9.788888888888886974e-01
9.796296296296295170e-01
9.825925925925924620e-01
9.874074074074072893e-01
9.922222222222217836e-01
9.962962962962962354e-01
1.000000000000000000e+00
1.000000000000000000e+00
