2.999999999999999889e-01
3.008673469387754817e-01
3.017346938775510301e-01
3.026020408163265230e-01
3.034693877551020158e-01
3.043367346938775642e-01
3.052040816326530570e-01
3.060714285714285499e-01
3.069387755102040982e-01
3.078061224489795911e-01
3.086734693877550839e-01
3.095408163265306323e-01
3.104081632653061251e-01
3.112755102040816180e-01
3.121428571428571663e-01
3.130102040816326592e-01
3.138775510204081520e-01
3.147448979591837004e-01
3.156122448979591932e-01
3.164795918367346861e-01
3.173469387755102344e-01
3.182142857142857273e-01
3.190816326530612201e-01
3.199489795918367685e-01
3.208163265306122613e-01
3.216836734693877542e-01
3.225510204081633026e-01
3.234183673469387954e-01
3.242857142857142883e-01
3.251530612244897811e-01
3.260204081632653295e-01
3.268877551020408223e-01
3.277551020408163152e-01
3.286224489795918635e-01
3.294897959183673564e-01
3.303571428571428492e-01
3.312244897959183976e-01
3.320918367346938904e-01
3.329591836734693833e-01
3.338265306122449316e-01
3.346938775510204245e-01
3.355612244897959173e-01
3.364285714285714657e-01
3.372959183673469585e-01
3.381632653061224514e-01
3.390306122448979997e-01
3.398979591836734926e-01
3.407653061224489854e-01
3.416326530612245338e-01
3.425000000000000266e-01
