1.000000000000000000e+00
9.898989898989898339e-01
9.797979797979797789e-01
9.696969696969697239e-01
9.595959595959595578e-01
9.494949494949495028e-01
9.393939393939394478e-01
9.292929292929292817e-01
9.191919191919191157e-01
9.090909090909090606e-01
8.989898989898990056e-01
8.888888888888888395e-01
8.787878787878787845e-01
8.686868686868687295e-01
8.585858585858585634e-01
8.484848484848485084e-01
8.383838383838383423e-01
8.282828282828282873e-01
8.181818181818181213e-01
8.080808080808080662e-01
7.979797979797980112e-01
7.878787878787878451e-01
7.777777777777777901e-01
7.676767676767676241e-01
7.575757575757575690e-01
7.525252525252525970e-01
7.626262626262626521e-01
7.727272727272727071e-01
7.828282828282828731e-01
7.929292929292929282e-01
8.030303030303029832e-01
8.131313131313131493e-01
8.232323232323233153e-01
8.333333333333333703e-01
8.434343434343434254e-01
8.535353535353535914e-01
8.636363636363636465e-01
8.737373737373737015e-01
8.838383838383838675e-01
8.939393939393940336e-01
9.040404040404040886e-01
9.141414141414141437e-01
9.242424242424243097e-01
9.343434343434343647e-01
9.444444444444444198e-01
9.545454545454545858e-01
9.646464646464647519e-01
9.747474747474748069e-01
9.848484848484848619e-01
9.949494949494950280e-01
9.949494949494949170e-01
9.848484848484847509e-01
9.747474747474746959e-01
9.646464646464646409e-01
9.545454545454544748e-01
9.444444444444444198e-01
9.343434343434342537e-01
9.242424242424241987e-01
9.141414141414141437e-01
9.040404040404039776e-01
8.939393939393939226e-01
8.838383838383837565e-01
8.737373737373737015e-01
8.636363636363635354e-01
8.535353535353534804e-01
8.434343434343434254e-01
8.333333333333332593e-01
8.232323232323232043e-01
8.131313131313130382e-01
8.030303030303029832e-01
7.929292929292928171e-01
7.828282828282827621e-01
7.727272727272727071e-01
7.626262626262625410e-01
7.525252525252524860e-01
7.575757575757576801e-01
7.676767676767677351e-01
7.777777777777777901e-01
7.878787878787879562e-01
7.979797979797980112e-01
8.080808080808081773e-01
8.181818181818182323e-01
8.282828282828283983e-01
8.383838383838384534e-01
8.484848484848485084e-01
8.585858585858586745e-01
8.686868686868687295e-01
8.787878787878788955e-01
8.888888888888889506e-01
8.989898989898991166e-01
9.090909090909091717e-01
9.191919191919192267e-01
9.292929292929293927e-01
9.393939393939394478e-01
9.494949494949496138e-01
9.595959595959596689e-01
9.696969696969697239e-01
9.797979797979798899e-01
9.898989898989899450e-01
1.000000000000000000e+00
