1.000000000000000000e+00
1.000000000000000000e+00
9.666666666666666741e-01
9.666666666666666741e-01
9.640000000000000790e-01
9.319999999999991624e-01
9.313333333333325692e-01
9.319999999999991624e-01
9.299999999999991607e-01
9.233333333333325621e-01
9.179999999999992610e-01
8.859999999999993436e-01
8.606666666666669130e-01
8.286666666666667735e-01
8.226666666666667682e-01
7.946666666666665213e-01
7.879999999999997007e-01
7.639999999999999014e-01
7.400000000000001021e-01
7.340000000000000968e-01
7.126666666666665595e-01
7.193333333333330470e-01
7.020000000000001794e-01
7.140000000000001901e-01
7.173333333333334894e-01
7.240000000000001990e-01
7.079999999999999627e-01
7.153333333333334876e-01
7.226666666666667904e-01
7.340000000000002078e-01
7.246666666666667922e-01
7.433333333333332904e-01
7.466666666666667007e-01
7.513333333333334085e-01
7.566666666666668206e-01
7.573333333333333028e-01
7.640000000000000124e-01
7.786666666666666181e-01
7.800000000000001377e-01
7.833333333333334370e-01
8.006666666666667487e-01
8.140000000000000568e-01
8.166666666666667629e-01
8.153333333333334654e-01
8.186666666666667647e-01
8.413333333333332664e-01
8.526666666666664618e-01
8.526666666666664618e-01
8.560000000000000941e-01
8.759999999999996678e-01
8.893333333333329760e-01
9.079999999999996962e-01
9.253333333333331190e-01
9.359999999999999432e-01
9.386666666666664272e-01
9.559999999999998499e-01
9.666666666666665630e-01
9.693333333333332691e-01
9.706666666666664556e-01
9.719999999999998641e-01
9.719999999999998641e-01
9.719999999999998641e-01
9.719999999999998641e-01
9.719999999999998641e-01
9.719999999999998641e-01
9.719999999999998641e-01
9.386666666666663161e-01
9.386666666666663161e-01
9.386666666666663161e-01
9.386666666666663161e-01
9.386666666666663161e-01
9.053333333333326571e-01
9.053333333333326571e-01
9.053333333333326571e-01
8.719999999999997753e-01
8.539999999999998703e-01
7.966666666666668561e-01
7.393333333333336199e-01
7.686666666666662762e-01
7.666666666666662744e-01
7.666666666666662744e-01
7.666666666666662744e-01
7.666666666666662744e-01
7.666666666666662744e-01
7.666666666666662744e-01
7.999999999999997113e-01
8.333333333333335924e-01
8.333333333333335924e-01
8.666666666666670293e-01
8.666666666666670293e-01
8.666666666666670293e-01
8.999999999999991340e-01
8.999999999999991340e-01
9.333333333333324600e-01
9.333333333333324600e-01
9.333333333333324600e-01
9.666666666666666741e-01
1.000000000000000000e+00
1.000000000000000000e+00
1.000000000000000000e+00
