1.000000000000000000e+00
1.000000000000000000e+00
9.890000000000002123e-01
9.720000000000003082e-01
9.599999999999999645e-01
9.330000000000001625e-01
9.140000000000000346e-01
8.920000000000001261e-01
8.750000000000000000e-01
8.529999999999999805e-01
8.370000000000001883e-01
8.470000000000001972e-01
8.330000000000000737e-01
8.450000000000001954e-01
8.400000000000003020e-01
8.299999999999996270e-01
8.269999999999998463e-01
8.290000000000000702e-01
8.350000000000001865e-01
8.370000000000000773e-01
8.370000000000001883e-01
8.500000000000000888e-01
8.499999999999998668e-01
8.599999999999998757e-01
8.709999999999999964e-01
8.779999999999997806e-01
8.820000000000003393e-01
8.950000000000001288e-01
8.999999999999996891e-01
9.089999999999998082e-01
9.199999999999997069e-01
9.219999999999999307e-01
9.250000000000000444e-01
9.280000000000001581e-01
9.309999999999999387e-01
9.229999999999998206e-01
9.219999999999997087e-01
9.380000000000002780e-01
9.390000000000000568e-01
9.350000000000000533e-01
9.490000000000000657e-01
9.560000000000000719e-01
9.570000000000002949e-01
9.510000000000004006e-01
9.440000000000003944e-01
9.539999999999999591e-01
9.519999999999998463e-01
9.560000000000000719e-01
9.520000000000002904e-01
9.520000000000000684e-01
9.610000000000001874e-01
9.650000000000003020e-01
9.630000000000000782e-01
9.770000000000002016e-01
9.870000000000003215e-01
9.960000000000001075e-01
9.990000000000001101e-01
1.000000000000000000e+00
1.000000000000000000e+00
1.000000000000000000e+00
1.000000000000000000e+00
1.000000000000000000e+00
1.000000000000000000e+00
1.000000000000000000e+00
1.000000000000000000e+00
1.000000000000000000e+00
9.500000000000006217e-01
9.500000000000006217e-01
9.500000000000006217e-01
9.500000000000006217e-01
9.500000000000006217e-01
8.999999999999991340e-01
8.999999999999991340e-01
8.999999999999991340e-01
8.999999999999991340e-01
8.999999999999991340e-01
8.999999999999991340e-01
8.999999999999991340e-01
8.500000000000007550e-01
8.500000000000007550e-01
8.500000000000007550e-01
7.999999999999997113e-01
7.999999999999997113e-01
7.999999999999997113e-01
7.999999999999997113e-01
7.999999999999997113e-01
8.500000000000007550e-01
8.500000000000007550e-01
8.999999999999991340e-01
8.999999999999991340e-01
8.999999999999991340e-01
9.500000000000006217e-01
9.500000000000006217e-01
1.000000000000000000e+00
1.000000000000000000e+00
1.000000000000000000e+00
1.000000000000000000e+00
1.000000000000000000e+00
1.000000000000000000e+00
1.000000000000000000e+00
