 3.30000000e-01 9.00710000e+04
 3.30100000e-01 9.01880000e+04
 3.30200000e-01 9.03050000e+04
 3.30300000e-01 9.04220000e+04
 3.30400000e-01 9.05400000e+04
 3.30500000e-01 9.06580000e+04
 3.30600000e-01 9.07750000e+04
 3.30700000e-01 9.08930000e+04
 3.30800000e-01 9.10120000e+04
 3.30900000e-01 9.11300000e+04
 3.31000000e-01 9.12490000e+04
 3.31100000e-01 9.13670000e+04
 3.31200000e-01 9.14860000e+04
 3.31300000e-01 9.16050000e+04
 3.31400000e-01 9.17240000e+04
 3.31500000e-01 9.18440000e+04
 3.31600000e-01 9.19630000e+04
 3.31700000e-01 9.20830000e+04
 3.31800000e-01 9.22030000e+04
 3.31900000e-01 9.23230000e+04
 3.32000000e-01 9.24430000e+04
 3.32100000e-01 9.25640000e+04
 3.32200000e-01 9.26840000e+04
 3.32300000e-01 9.28050000e+04
 3.32400000e-01 9.29260000e+04
 3.32500000e-01 9.30470000e+04
 3.32600000e-01 9.31690000e+04
 3.32700000e-01 9.32900000e+04
 3.32800000e-01 9.34120000e+04
 3.32900000e-01 9.35340000e+04
 3.33000000e-01 9.36560000e+04
 3.33100000e-01 9.37780000e+04
 3.33200000e-01 9.39000000e+04
 3.33300000e-01 9.40230000e+04
 3.33400000e-01 9.41450000e+04
 3.33500000e-01 9.42680000e+04
 3.33600000e-01 9.43910000e+04
 3.33700000e-01 9.45150000e+04
 3.33800000e-01 9.46380000e+04
 3.33900000e-01 9.47610000e+04
 3.34000000e-01 9.48850000e+04
 3.34100000e-01 9.50090000e+04
 3.34200000e-01 9.51330000e+04
 3.34300000e-01 9.52570000e+04
 3.34400000e-01 9.53820000e+04
 3.34500000e-01 8.75040000e+04
 3.34500000e-01 8.75050000e+04
 3.34500000e-01 9.55070000e+04
 3.34600000e-01 8.74000000e+04
 3.34600000e-01 8.74040000e+04
 3.34600000e-01 8.89090000e+04
 3.34600000e-01 9.05030000e+04
 3.34600000e-01 9.56310000e+04
 3.34700000e-01 8.72940000e+04
 3.34700000e-01 8.73030000e+04
 3.34700000e-01 8.81860000e+04
 3.34700000e-01 9.13480000e+04
 3.34700000e-01 9.57560000e+04
 3.34800000e-01 8.71850000e+04
 3.34800000e-01 8.72020000e+04
 3.34800000e-01 8.77450000e+04
 3.34800000e-01 9.19140000e+04
 3.34800000e-01 9.58810000e+04
 3.34900000e-01 8.70740000e+04
 3.34900000e-01 8.71010000e+04
 3.34900000e-01 8.74090000e+04
 3.34900000e-01 9.23770000e+04
 3.34900000e-01 9.60070000e+04
 3.35000000e-01 8.69580000e+04
 3.35000000e-01 8.70010000e+04
 3.35000000e-01 8.71360000e+04
 3.35000000e-01 9.27820000e+04
 3.35000000e-01 9.61320000e+04
 3.35100000e-01 8.68370000e+04
 3.35100000e-01 8.69000000e+04
 3.35100000e-01 8.69070000e+04
 3.35100000e-01 9.31480000e+04
 3.35100000e-01 9.62580000e+04
 3.35200000e-01 8.67080000e+04
 3.35200000e-01 8.67150000e+04
 3.35200000e-01 8.68000000e+04
 3.35200000e-01 9.34860000e+04
 3.35200000e-01 9.63840000e+04
 3.35300000e-01 8.66990000e+04
 3.35300000e-01 9.38010000e+04
 3.35300000e-01 9.65100000e+04
 3.35400000e-01 8.65990000e+04
 3.35400000e-01 9.40990000e+04
 3.35400000e-01 9.66360000e+04
 3.35500000e-01 8.64990000e+04
 3.35500000e-01 9.43830000e+04
 3.35500000e-01 9.67620000e+04
 3.35600000e-01 8.63990000e+04
 3.35600000e-01 9.46540000e+04
 3.35600000e-01 9.68890000e+04
 3.35700000e-01 8.62990000e+04
 3.35700000e-01 9.49150000e+04
 3.35700000e-01 9.70160000e+04
 3.35800000e-01 8.61990000e+04
 3.35800000e-01 9.51660000e+04
 3.35800000e-01 9.71430000e+04
 3.35900000e-01 8.61000000e+04
 3.35900000e-01 9.54100000e+04
 3.35900000e-01 9.72700000e+04
 3.36000000e-01 8.60000000e+04
 3.36000000e-01 9.56460000e+04
 3.36000000e-01 9.73970000e+04
 3.36100000e-01 8.59010000e+04
 3.36100000e-01 9.58760000e+04
 3.36100000e-01 9.75240000e+04
 3.36200000e-01 8.58010000e+04
 3.36200000e-01 9.61000000e+04
 3.36200000e-01 9.76520000e+04
 3.36300000e-01 8.57020000e+04
 3.36300000e-01 9.63190000e+04
 3.36300000e-01 9.77800000e+04
 3.36400000e-01 8.56030000e+04
 3.36400000e-01 9.65330000e+04
 3.36400000e-01 9.79080000e+04
 3.36500000e-01 8.55040000e+04
 3.36500000e-01 9.67420000e+04
 3.36500000e-01 9.80360000e+04
 3.36600000e-01 8.54050000e+04
 3.36600000e-01 9.69480000e+04
 3.36600000e-01 9.81640000e+04
 3.36700000e-01 8.53060000e+04
 3.36700000e-01 9.71490000e+04
 3.36700000e-01 9.82930000e+04
 3.36800000e-01 8.52080000e+04
 3.36800000e-01 9.73470000e+04
 3.36800000e-01 9.84210000e+04
 3.36900000e-01 8.51090000e+04
 3.36900000e-01 9.75420000e+04
 3.36900000e-01 9.85500000e+04
 3.37000000e-01 8.50110000e+04
 3.37000000e-01 9.77330000e+04
 3.37000000e-01 9.86790000e+04
 3.37100000e-01 8.49120000e+04
 3.37100000e-01 9.79220000e+04
 3.37100000e-01 9.88080000e+04
 3.37200000e-01 8.48140000e+04
 3.37200000e-01 9.81080000e+04
 3.37200000e-01 9.89380000e+04
 3.37300000e-01 8.47160000e+04
 3.37300000e-01 9.82910000e+04
 3.37300000e-01 9.90670000e+04
 3.37400000e-01 8.46180000e+04
 3.37400000e-01 9.84720000e+04
 3.37400000e-01 9.91970000e+04
 3.37500000e-01 8.45200000e+04
 3.37500000e-01 9.86510000e+04
 3.37500000e-01 9.93270000e+04
 3.37600000e-01 8.44220000e+04
 3.37600000e-01 9.88270000e+04
 3.37600000e-01 9.94570000e+04
 3.37700000e-01 8.43240000e+04
 3.37700000e-01 9.90010000e+04
 3.37700000e-01 9.95870000e+04
 3.37800000e-01 8.42270000e+04
 3.37800000e-01 9.91730000e+04
 3.37800000e-01 9.97180000e+04
 3.37900000e-01 8.41290000e+04
 3.37900000e-01 9.93440000e+04
 3.37900000e-01 9.98480000e+04
 3.38000000e-01 8.40320000e+04
 3.38000000e-01 9.95120000e+04
 3.38000000e-01 9.99790000e+04
 3.38100000e-01 8.39350000e+04
 3.38100000e-01 9.96790000e+04
 3.38100000e-01 1.00110000e+05
 3.38200000e-01 8.38380000e+04
 3.38200000e-01 9.98440000e+04
 3.38200000e-01 1.00241000e+05
 3.38300000e-01 8.37400000e+04
 3.38300000e-01 1.00008000e+05
 3.38300000e-01 1.00373000e+05
 3.38400000e-01 8.36440000e+04
 3.38400000e-01 1.00170000e+05
 3.38400000e-01 1.00504000e+05
 3.38500000e-01 8.35470000e+04
 3.38500000e-01 1.00330000e+05
 3.38500000e-01 1.00636000e+05
 3.38600000e-01 8.34500000e+04
 3.38600000e-01 1.00489000e+05
 3.38600000e-01 1.00768000e+05
 3.38700000e-01 8.33530000e+04
 3.38700000e-01 1.00647000e+05
 3.38700000e-01 1.00900000e+05
 3.38800000e-01 8.32570000e+04
 3.38800000e-01 1.00803000e+05
 3.38800000e-01 1.01032000e+05
 3.38900000e-01 8.31600000e+04
 3.38900000e-01 1.00959000e+05
 3.38900000e-01 1.01164000e+05
 3.39000000e-01 8.30640000e+04
 3.39000000e-01 1.01113000e+05
 3.39000000e-01 1.01297000e+05
 3.39100000e-01 8.29680000e+04
 3.39100000e-01 1.01265000e+05
 3.39100000e-01 1.01430000e+05
 3.39200000e-01 8.28720000e+04
 3.39200000e-01 1.01417000e+05
 3.39200000e-01 1.01563000e+05
 3.39300000e-01 8.27760000e+04
 3.39300000e-01 1.01568000e+05
 3.39300000e-01 1.01696000e+05
 3.39400000e-01 8.26800000e+04
 3.39400000e-01 1.01717000e+05
 3.39400000e-01 1.01829000e+05
 3.39500000e-01 8.25840000e+04
 3.39500000e-01 1.01865000e+05
 3.39500000e-01 1.01963000e+05
 3.39600000e-01 8.24890000e+04
 3.39600000e-01 1.02013000e+05
 3.39600000e-01 1.02096000e+05
 3.39700000e-01 8.23930000e+04
 3.39700000e-01 1.02159000e+05
 3.39700000e-01 1.02230000e+05
 3.39800000e-01 8.22980000e+04
 3.39800000e-01 1.02305000e+05
 3.39800000e-01 1.02364000e+05
 3.39900000e-01 8.22030000e+04
 3.39900000e-01 1.02449000e+05
 3.39900000e-01 1.02498000e+05
 3.40000000e-01 8.21070000e+04
 3.40000000e-01 1.02593000e+05
 3.40000000e-01 1.02633000e+05
 3.40100000e-01 8.20120000e+04
 3.40100000e-01 1.02736000e+05
 3.40100000e-01 1.02767000e+05
 3.40200000e-01 8.19170000e+04
 3.40200000e-01 1.02878000e+05
 3.40200000e-01 1.02902000e+05
 3.40300000e-01 8.18220000e+04
 3.40300000e-01 1.03019000e+05
 3.40300000e-01 1.03037000e+05
 3.40400000e-01 8.17280000e+04
 3.40400000e-01 1.03159000e+05
 3.40400000e-01 1.03172000e+05
 3.40500000e-01 8.16330000e+04
 3.40500000e-01 1.03299000e+05
 3.40500000e-01 1.03307000e+05
 3.40600000e-01 8.15380000e+04
 3.40600000e-01 1.03438000e+05
 3.40600000e-01 1.03443000e+05
 3.40700000e-01 8.14440000e+04
 3.40700000e-01 1.03576000e+05
 3.40700000e-01 1.03578000e+05
 3.40800000e-01 8.13500000e+04
 3.40800000e-01 1.03713000e+05
 3.40800000e-01 1.03714000e+05
 3.40900000e-01 8.12560000e+04
 3.41000000e-01 8.11610000e+04
 3.41100000e-01 8.10670000e+04
 3.41200000e-01 8.09740000e+04
 3.41300000e-01 8.08800000e+04
 3.41400000e-01 8.07860000e+04
 3.41500000e-01 8.06930000e+04
 3.41600000e-01 8.05990000e+04
 3.41700000e-01 8.05060000e+04
 3.41800000e-01 8.04130000e+04
 3.41900000e-01 8.03200000e+04
 3.42000000e-01 8.02270000e+04
 3.42100000e-01 8.01340000e+04
 3.42200000e-01 8.00410000e+04
