1.000000000000000000e+00
1.000000000000000000e+00
1.000000000000000000e+00
9.666666666666665630e-01
9.283333333333331217e-01
9.066666666666665098e-01
8.766666666666665941e-01
8.699999999999998845e-01
8.516666666666664609e-01
8.366666666666664476e-01
8.116666666666664254e-01
8.150000000000000577e-01
8.383333333333331527e-01
8.516666666666666829e-01
8.450000000000001954e-01
8.716666666666665897e-01
8.783333333333332993e-01
8.683333333333334014e-01
8.849999999999997868e-01
8.849999999999998979e-01
8.883333333333333082e-01
8.933333333333332016e-01
8.966666666666663899e-01
9.083333333333329929e-01
9.316666666666664209e-01
9.449999999999996181e-01
9.449999999999999512e-01
9.566666666666665542e-01
9.683333333333331572e-01
9.716666666666664565e-01
9.866666666666664698e-01
9.883333333333332860e-01
9.949999999999998845e-01
9.983333333333332948e-01
9.983333333333332948e-01
1.000000000000000000e+00
9.866666666666665808e-01
9.633333333333330417e-01
9.633333333333330417e-01
9.633333333333330417e-01
9.133333333333327753e-01
9.133333333333327753e-01
9.133333333333327753e-01
9.133333333333327753e-01
9.133333333333327753e-01
8.633333333333335080e-01
8.633333333333335080e-01
8.633333333333335080e-01
8.633333333333335080e-01
8.133333333333337967e-01
8.133333333333337967e-01
8.133333333333337967e-01
7.633333333333334192e-01
7.633333333333334192e-01
7.633333333333334192e-01
7.633333333333334192e-01
7.633333333333334192e-01
7.633333333333334192e-01
7.633333333333334192e-01
7.633333333333334192e-01
7.633333333333334192e-01
7.633333333333334192e-01
7.633333333333334192e-01
7.633333333333334192e-01
7.633333333333334192e-01
7.633333333333334192e-01
7.133333333333330417e-01
6.999999999999996225e-01
6.999999999999996225e-01
6.999999999999996225e-01
6.999999999999996225e-01
7.500000000000000000e-01
7.500000000000000000e-01
7.500000000000000000e-01
7.500000000000000000e-01
7.500000000000000000e-01
7.500000000000000000e-01
7.500000000000000000e-01
8.000000000000003775e-01
8.000000000000003775e-01
8.000000000000003775e-01
8.000000000000003775e-01
8.000000000000003775e-01
8.000000000000003775e-01
8.000000000000003775e-01
8.000000000000003775e-01
8.500000000000003109e-01
8.500000000000003109e-01
8.999999999999995781e-01
8.999999999999995781e-01
8.999999999999995781e-01
9.499999999999995115e-01
9.499999999999995115e-01
1.000000000000000000e+00
1.000000000000000000e+00
1.000000000000000000e+00
1.000000000000000000e+00
1.000000000000000000e+00
1.000000000000000000e+00
1.000000000000000000e+00
