1.000000000000000000e+00
9.000000000000001332e-01
9.000000000000001332e-01
9.000000000000001332e-01
9.000000000000001332e-01
9.000000000000001332e-01
9.000000000000001332e-01
9.000000000000001332e-01
9.000000000000001332e-01
9.000000000000001332e-01
7.999999999999999334e-01
7.999999999999999334e-01
7.500000000000000000e-01
7.099999999999999645e-01
6.899999999999999467e-01
7.700000000000000178e-01
7.800000000000000266e-01
7.800000000000000266e-01
7.800000000000000266e-01
7.800000000000000266e-01
8.800000000000001155e-01
8.800000000000001155e-01
9.200000000000001510e-01
9.200000000000001510e-01
9.200000000000001510e-01
9.200000000000001510e-01
9.200000000000001510e-01
8.599999999999999867e-01
8.599999999999999867e-01
8.599999999999999867e-01
8.200000000000000622e-01
8.200000000000000622e-01
8.200000000000000622e-01
8.200000000000000622e-01
8.200000000000000622e-01
8.200000000000000622e-01
7.199999999999999734e-01
7.299999999999999822e-01
8.800000000000002265e-01
9.000000000000001332e-01
9.000000000000001332e-01
9.000000000000001332e-01
1.000000000000000000e+00
1.000000000000000000e+00
1.000000000000000000e+00
1.000000000000000000e+00
1.000000000000000000e+00
1.000000000000000000e+00
1.000000000000000000e+00
1.000000000000000000e+00
