1.000000000000000000e+00
1.000000000000000000e+00
9.949999999999998845e-01
9.749999999999999778e-01
9.550000000000000711e-01
9.399999999999998357e-01
9.250000000000000444e-01
9.099999999999999201e-01
8.899999999999999023e-01
8.750000000000000000e-01
8.649999999999999911e-01
8.549999999999998712e-01
8.549999999999998712e-01
8.449999999999999734e-01
8.649999999999998801e-01
8.750000000000000000e-01
8.850000000000000089e-01
8.700000000000001066e-01
8.899999999999999023e-01
8.850000000000000089e-01
8.949999999999999067e-01
9.099999999999999201e-01
9.199999999999999289e-01
9.449999999999999512e-01
9.399999999999998357e-01
9.549999999999998490e-01
9.749999999999999778e-01
9.850000000000000977e-01
1.000000000000000000e+00
1.000000000000000000e+00
1.000000000000000000e+00
1.000000000000000000e+00
1.000000000000000000e+00
1.000000000000000000e+00
1.000000000000000000e+00
1.000000000000000000e+00
9.949999999999998845e-01
9.549999999999998490e-01
9.549999999999998490e-01
9.549999999999998490e-01
9.050000000000000266e-01
9.050000000000000266e-01
9.050000000000000266e-01
9.050000000000000266e-01
9.050000000000000266e-01
8.549999999999998712e-01
8.549999999999998712e-01
8.549999999999998712e-01
8.549999999999998712e-01
8.049999999999999378e-01
8.049999999999999378e-01
8.049999999999999378e-01
7.550000000000000044e-01
7.550000000000000044e-01
7.550000000000000044e-01
7.550000000000000044e-01
7.550000000000000044e-01
7.550000000000000044e-01
7.550000000000000044e-01
7.550000000000000044e-01
7.550000000000000044e-01
7.550000000000000044e-01
7.550000000000000044e-01
7.550000000000000044e-01
7.550000000000000044e-01
7.550000000000000044e-01
7.050000000000000711e-01
7.000000000000000666e-01
7.000000000000000666e-01
7.000000000000000666e-01
7.000000000000000666e-01
7.500000000000000000e-01
7.500000000000000000e-01
7.500000000000000000e-01
7.500000000000000000e-01
7.500000000000000000e-01
7.500000000000000000e-01
7.500000000000000000e-01
7.999999999999999334e-01
7.999999999999999334e-01
7.999999999999999334e-01
7.999999999999999334e-01
7.999999999999999334e-01
7.999999999999999334e-01
7.999999999999999334e-01
7.999999999999999334e-01
8.499999999999998668e-01
8.499999999999998668e-01
9.000000000000001332e-01
9.000000000000001332e-01
9.000000000000001332e-01
9.499999999999999556e-01
9.499999999999999556e-01
1.000000000000000000e+00
1.000000000000000000e+00
1.000000000000000000e+00
1.000000000000000000e+00
1.000000000000000000e+00
1.000000000000000000e+00
1.000000000000000000e+00
