1.000000000000000000e+00
9.866666666666665808e-01
9.716666666666666785e-01
9.649999999999996358e-01
9.499999999999999556e-01
9.183333333333333348e-01
9.183333333333333348e-01
9.066666666666668428e-01
8.983333333333334281e-01
8.866666666666669361e-01
8.783333333333335213e-01
8.600000000000003197e-01
8.466666666666669006e-01
8.233333333333334725e-01
8.516666666666667940e-01
8.133333333333336856e-01
8.183333333333335791e-01
8.333333333333335924e-01
7.750000000000001332e-01
8.099999999999999423e-01
7.866666666666667362e-01
8.000000000000000444e-01
7.650000000000002354e-01
7.533333333333334103e-01
7.683333333333334236e-01
7.816666666666668428e-01
7.916666666666668517e-01
7.783333333333335435e-01
8.250000000000001776e-01
8.000000000000001554e-01
7.833333333333334370e-01
8.016666666666669716e-01
8.150000000000000577e-01
8.116666666666667584e-01
8.216666666666668783e-01
8.316666666666667762e-01
8.116666666666667584e-01
8.333333333333335924e-01
8.383333333333335968e-01
8.216666666666666563e-01
8.466666666666669006e-01
8.583333333333333925e-01
8.683333333333335124e-01
8.650000000000002132e-01
8.750000000000000000e-01
8.783333333333335213e-01
8.650000000000002132e-01
8.683333333333335124e-01
8.750000000000002220e-01
8.833333333333335258e-01
8.833333333333334147e-01
9.116666666666667362e-01
9.183333333333335569e-01
9.133333333333334414e-01
9.216666666666666341e-01
9.233333333333334503e-01
9.383333333333334636e-01
9.416666666666666519e-01
9.533333333333333659e-01
9.466666666666666563e-01
9.583333333333332593e-01
9.666666666666664520e-01
9.549999999999998490e-01
9.700000000000000844e-01
9.849999999999999867e-01
9.883333333333332860e-01
9.866666666666665808e-01
9.666666666666664520e-01
9.466666666666666563e-01
9.366666666666667584e-01
9.400000000000000577e-01
9.233333333333332282e-01
9.183333333333333348e-01
9.250000000000000444e-01
9.133333333333333304e-01
8.816666666666668206e-01
8.683333333333335124e-01
8.733333333333332948e-01
8.616666666666669139e-01
8.150000000000000577e-01
7.850000000000002531e-01
7.850000000000001421e-01
8.200000000000002842e-01
8.366666666666668917e-01
8.649999999999999911e-01
8.566666666666667984e-01
9.016666666666667274e-01
8.833333333333335258e-01
9.066666666666668428e-01
9.016666666666669494e-01
9.266666666666665275e-01
9.166666666666666297e-01
9.183333333333333348e-01
9.483333333333332504e-01
9.400000000000000577e-01
9.633333333333331527e-01
9.633333333333332638e-01
9.833333333333331705e-01
1.000000000000000000e+00
1.000000000000000000e+00
