1.000000000000000000e+00
9.898989898989899450e-01
9.797979797979797789e-01
9.696969696969697239e-01
9.595959595959596689e-01
9.494949494949495028e-01
9.393939393939394478e-01
9.292929292929293927e-01
9.191919191919192267e-01
9.090909090909091717e-01
8.989898989898988946e-01
8.888888888888888395e-01
8.787878787878787845e-01
8.686868686868686185e-01
8.585858585858585634e-01
8.484848484848485084e-01
8.383838383838383423e-01
8.282828282828282873e-01
8.181818181818182323e-01
8.080808080808080662e-01
7.979797979797980112e-01
7.878787878787879562e-01
7.777777777777776791e-01
7.676767676767676241e-01
7.575757575757574580e-01
7.474747474747474030e-01
7.373737373737372369e-01
7.272727272727272929e-01
7.171717171717171269e-01
7.070707070707069608e-01
7.070707070707071829e-01
7.171717171717171269e-01
7.272727272727272929e-01
7.373737373737374590e-01
7.474747474747474030e-01
7.575757575757575690e-01
7.676767676767676241e-01
7.777777777777777901e-01
7.878787878787879562e-01
7.979797979797980112e-01
8.080808080808080662e-01
8.181818181818182323e-01
8.282828282828282873e-01
8.383838383838383423e-01
8.484848484848485084e-01
8.585858585858586745e-01
8.686868686868687295e-01
8.787878787878787845e-01
8.888888888888889506e-01
8.989898989898990056e-01
9.090909090909090606e-01
9.191919191919192267e-01
9.292929292929292817e-01
9.393939393939394478e-01
9.494949494949495028e-01
9.595959595959596689e-01
9.696969696969697239e-01
9.797979797979797789e-01
9.898989898989899450e-01
1.000000000000000000e+00
9.898989898989898339e-01
9.797979797979797789e-01
9.696969696969696129e-01
9.595959595959595578e-01
9.494949494949495028e-01
9.393939393939393367e-01
9.292929292929292817e-01
9.191919191919192267e-01
9.090909090909090606e-01
8.989898989898990056e-01
8.888888888888889506e-01
8.787878787878787845e-01
8.686868686868687295e-01
8.585858585858584524e-01
8.484848484848483974e-01
8.383838383838383423e-01
8.282828282828281763e-01
8.181818181818181213e-01
8.080808080808080662e-01
7.979797979797980112e-01
8.080808080808080662e-01
8.181818181818182323e-01
8.282828282828282873e-01
8.383838383838383423e-01
8.484848484848485084e-01
8.585858585858585634e-01
8.686868686868686185e-01
8.787878787878787845e-01
8.888888888888889506e-01
8.989898989898991166e-01
9.090909090909091717e-01
9.191919191919192267e-01
9.292929292929293927e-01
9.393939393939394478e-01
9.494949494949495028e-01
9.595959595959596689e-01
9.696969696969697239e-01
9.797979797979797789e-01
9.898989898989899450e-01
1.000000000000000000e+00
