1.000000000000000000e+00
1.000000000000000000e+00
9.940000000000001057e-01
9.919999999999999929e-01
9.829999999999999849e-01
9.700000000000001954e-01
9.580000000000000737e-01
9.440000000000000613e-01
9.329999999999999405e-01
9.149999999999998135e-01
8.939999999999997948e-01
8.720000000000003304e-01
8.459999999999997522e-01
8.160000000000003917e-01
8.060000000000000497e-01
7.880000000000001448e-01
7.870000000000000329e-01
7.790000000000000258e-01
7.769999999999996909e-01
7.689999999999999059e-01
7.650000000000000133e-01
7.720000000000000195e-01
7.580000000000000071e-01
7.689999999999999059e-01
7.720000000000000195e-01
7.759999999999996900e-01
7.600000000000001199e-01
7.739999999999999103e-01
7.730000000000000204e-01
7.769999999999996909e-01
7.849999999999996980e-01
7.929999999999997051e-01
7.979999999999997096e-01
7.939999999999995950e-01
7.979999999999998206e-01
7.979999999999999316e-01
8.030000000000001581e-01
8.249999999999997335e-01
8.339999999999999636e-01
8.320000000000000728e-01
8.519999999999999796e-01
8.559999999999999831e-01
8.599999999999997646e-01
8.679999999999998828e-01
8.660000000000001030e-01
8.839999999999997859e-01
8.900000000000000133e-01
8.870000000000000107e-01
8.939999999999999059e-01
9.080000000000001403e-01
9.119999999999999218e-01
9.100000000000001421e-01
9.380000000000001670e-01
9.490000000000002878e-01
9.590000000000005187e-01
9.670000000000001927e-01
9.750000000000000888e-01
9.799999999999999822e-01
9.869999999999999885e-01
9.929999999999999938e-01
9.979999999999999982e-01
9.979999999999999982e-01
1.000000000000000000e+00
1.000000000000000000e+00
1.000000000000000000e+00
1.000000000000000000e+00
9.500000000000006217e-01
9.500000000000006217e-01
9.500000000000006217e-01
9.500000000000006217e-01
9.500000000000006217e-01
8.999999999999991340e-01
8.999999999999991340e-01
8.999999999999991340e-01
8.999999999999991340e-01
8.999999999999991340e-01
8.999999999999991340e-01
8.999999999999991340e-01
8.500000000000007550e-01
8.500000000000007550e-01
8.500000000000007550e-01
7.999999999999997113e-01
7.999999999999997113e-01
7.999999999999997113e-01
7.999999999999997113e-01
7.999999999999997113e-01
8.500000000000007550e-01
8.500000000000007550e-01
8.999999999999991340e-01
8.999999999999991340e-01
8.999999999999991340e-01
9.500000000000006217e-01
9.500000000000006217e-01
1.000000000000000000e+00
1.000000000000000000e+00
1.000000000000000000e+00
1.000000000000000000e+00
1.000000000000000000e+00
1.000000000000000000e+00
1.000000000000000000e+00
