0.000000000000000000e+00
1.449275362318840507e+03
2.898550724637681014e+03
4.347826086956521976e+03
5.797101449275362029e+03
7.246376811594202081e+03
8.695652173913043953e+03
1.014492753623188401e+04
1.159420289855072406e+04
1.304347826086956411e+04
1.449275362318840416e+04
1.594202898550724603e+04
1.739130434782608791e+04
1.884057971014492796e+04
2.028985507246376801e+04
2.173913043478260806e+04
2.318840579710144812e+04
2.463768115942028817e+04
2.608695652173912822e+04
2.753623188405796827e+04
2.898550724637680833e+04
3.043478260869565202e+04
3.188405797101449207e+04
3.333333333333332848e+04
3.478260869565217581e+04
3.623188405797101586e+04
3.768115942028985592e+04
3.913043478260869597e+04
4.057971014492753602e+04
4.202898550724637607e+04
4.347826086956521613e+04
4.492753623188405618e+04
4.637681159420289623e+04
4.782608695652173628e+04
4.927536231884057634e+04
5.072463768115941639e+04
5.217391304347825644e+04
5.362318840579709649e+04
5.507246376811593655e+04
5.652173913043477660e+04
5.797101449275361665e+04
5.942028985507246398e+04
6.086956521739130403e+04
6.231884057971014408e+04
6.376811594202898414e+04
6.521739130434782419e+04
6.666666666666665697e+04
6.811594202898550429e+04
6.956521739130435162e+04
7.101449275362318440e+04
7.246376811594203173e+04
7.391304347826086450e+04
7.536231884057971183e+04
7.681159420289854461e+04
7.826086956521739194e+04
7.971014492753622471e+04
8.115942028985507204e+04
8.260869565217390482e+04
8.405797101449275215e+04
8.550724637681158492e+04
8.695652173913043225e+04
8.840579710144926503e+04
8.985507246376811236e+04
9.130434782608694513e+04
9.275362318840579246e+04
9.420289855072463979e+04
9.565217391304347257e+04
9.710144927536231990e+04
9.855072463768115267e+04
1.000000000000000000e+05
