0.000000000000000000e+00
7.246376811594202987e-03
1.449275362318840597e-02
2.173913043478260809e-02
2.898550724637681195e-02
3.623188405797101580e-02
4.347826086956521618e-02
5.072463768115942351e-02
5.797101449275362389e-02
6.521739130434782428e-02
7.246376811594203160e-02
7.971014492753623892e-02
8.695652173913043237e-02
9.420289855072463969e-02
1.014492753623188470e-01
1.086956521739130405e-01
1.159420289855072478e-01
1.231884057971014551e-01
1.304347826086956486e-01
1.376811594202898559e-01
1.449275362318840632e-01
1.521739130434782705e-01
1.594202898550724778e-01
1.666666666666666574e-01
1.739130434782608647e-01
1.811594202898550721e-01
1.884057971014492794e-01
1.956521739130434867e-01
2.028985507246376940e-01
2.101449275362318736e-01
2.173913043478260809e-01
2.246376811594202882e-01
2.318840579710144956e-01
2.391304347826087029e-01
2.463768115942029102e-01
2.536231884057971175e-01
2.608695652173912971e-01
2.681159420289855322e-01
2.753623188405797118e-01
2.826086956521738913e-01
2.898550724637681264e-01
2.971014492753623060e-01
3.043478260869565410e-01
3.115942028985507206e-01
3.188405797101449557e-01
3.260869565217391353e-01
3.333333333333333148e-01
3.405797101449275499e-01
3.478260869565217295e-01
3.550724637681159646e-01
3.623188405797101441e-01
3.695652173913043792e-01
3.768115942028985588e-01
3.840579710144927383e-01
3.913043478260869734e-01
3.985507246376811530e-01
4.057971014492753881e-01
4.130434782608695676e-01
4.202898550724637472e-01
4.275362318840579823e-01
4.347826086956521618e-01
4.420289855072463969e-01
4.492753623188405765e-01
4.565217391304348116e-01
4.637681159420289911e-01
4.710144927536231707e-01
4.782608695652174058e-01
4.855072463768115854e-01
4.927536231884058204e-01
5.000000000000000000e-01
