8.000000000000000000e+04
8.091836734693877224e+04
8.183673469387754449e+04
8.275510204081633128e+04
8.367346938775510353e+04
8.459183673469387577e+04
8.551020408163264801e+04
8.642857142857143481e+04
8.734693877551020705e+04
8.826530612244897929e+04
8.918367346938775154e+04
9.010204081632653833e+04
9.102040816326531058e+04
9.193877551020408282e+04
9.285714285714285506e+04
9.377551020408162731e+04
9.469387755102041410e+04
9.561224489795918635e+04
9.653061224489795859e+04
9.744897959183673083e+04
9.836734693877550308e+04
9.928571428571428987e+04
1.002040816326530621e+05
1.011224489795918344e+05
1.020408163265306212e+05
1.029591836734693934e+05
1.038775510204081656e+05
1.047959183673469379e+05
1.057142857142857101e+05
1.066326530612244969e+05
1.075510204081632692e+05
1.084693877551020414e+05
1.093877551020408137e+05
1.103061224489795859e+05
1.112244897959183727e+05
1.121428571428571449e+05
1.130612244897959172e+05
1.139795918367347040e+05
1.148979591836734617e+05
1.158163265306122485e+05
1.167346938775510207e+05
1.176530612244897929e+05
1.185714285714285797e+05
1.194897959183673374e+05
1.204081632653061242e+05
1.213265306122448965e+05
1.222448979591836687e+05
1.231632653061224555e+05
1.240816326530612278e+05
1.250000000000000000e+05
