0.000000000000000000e+00
3.030303030303030482e+03
6.060606060606060964e+03
9.090909090909091901e+03
1.212121212121212193e+04
1.515151515151515196e+04
1.818181818181818380e+04
2.121212121212121201e+04
2.424242424242424386e+04
2.727272727272727570e+04
3.030303030303030391e+04
3.333333333333333576e+04
3.636363636363636761e+04
3.939393939393939945e+04
4.242424242424242402e+04
4.545454545454545587e+04
4.848484848484848771e+04
5.151515151515151956e+04
5.454545454545455141e+04
5.757575757575757598e+04
6.060606060606060782e+04
6.363636363636363967e+04
6.666666666666667152e+04
6.969696969696969609e+04
7.272727272727273521e+04
7.575757575757575978e+04
7.878787878787879890e+04
8.181818181818182347e+04
8.484848484848484804e+04
8.787878787878788717e+04
9.090909090909091174e+04
9.393939393939395086e+04
9.696969696969697543e+04
1.000000000000000000e+05
1.030303030303030391e+05
1.060606060606060637e+05
1.090909090909091028e+05
1.121212121212121274e+05
1.151515151515151520e+05
1.181818181818181911e+05
1.212121212121212156e+05
1.242424242424242548e+05
1.272727272727272793e+05
1.303030303030303039e+05
1.333333333333333430e+05
1.363636363636363822e+05
1.393939393939393922e+05
1.424242424242424313e+05
1.454545454545454704e+05
1.484848484848484804e+05
1.515151515151515196e+05
1.545454545454545587e+05
1.575757575757575978e+05
1.606060606060606078e+05
1.636363636363636469e+05
1.666666666666666861e+05
1.696969696969696961e+05
1.727272727272727352e+05
1.757575757575757743e+05
1.787878787878787844e+05
1.818181818181818235e+05
1.848484848484848626e+05
1.878787878787879017e+05
1.909090909090909117e+05
1.939393939393939509e+05
1.969696969696969900e+05
2.000000000000000000e+05
2.030303030303030391e+05
2.060606060606060782e+05
2.090909090909091174e+05
2.121212121212121274e+05
2.151515151515151665e+05
2.181818181818182056e+05
2.212121212121212156e+05
2.242424242424242548e+05
2.272727272727272939e+05
2.303030303030303039e+05
2.333333333333333430e+05
2.363636363636363822e+05
2.393939393939394213e+05
2.424242424242424313e+05
2.454545454545454704e+05
2.484848484848485095e+05
2.515151515151515196e+05
2.545454545454545587e+05
2.575757575757575978e+05
2.606060606060606078e+05
2.636363636363636469e+05
2.666666666666666861e+05
2.696969696969697252e+05
2.727272727272727643e+05
2.757575757575757452e+05
2.787878787878787844e+05
2.818181818181818235e+05
2.848484848484848626e+05
2.878787878787879017e+05
2.909090909090909408e+05
2.939393939393939800e+05
2.969696969696969609e+05
3.000000000000000000e+05
