1.000000000000000056e-01
1.050505050505050608e-01
1.101010101010101022e-01
1.151515151515151575e-01
1.202020202020202128e-01
1.252525252525252542e-01
1.303030303030303094e-01
1.353535353535353647e-01
1.404040404040404200e-01
1.454545454545454475e-01
1.505050505050505305e-01
1.555555555555555580e-01
1.606060606060606133e-01
1.656565656565656686e-01
1.707070707070707238e-01
1.757575757575757791e-01
1.808080808080808066e-01
1.858585858585858896e-01
1.909090909090909172e-01
1.959595959595959724e-01
2.010101010101010277e-01
2.060606060606060552e-01
2.111111111111111382e-01
2.161616161616161658e-01
2.212121212121212210e-01
2.262626262626262763e-01
2.313131313131313316e-01
2.363636363636363869e-01
2.414141414141414421e-01
2.464646464646464696e-01
2.515151515151515249e-01
2.565656565656565524e-01
2.616161616161616355e-01
2.666666666666667185e-01
2.717171717171717460e-01
2.767676767676767735e-01
2.818181818181818565e-01
2.868686868686868841e-01
2.919191919191919116e-01
2.969696969696969946e-01
3.020202020202020776e-01
3.070707070707071051e-01
3.121212121212121327e-01
3.171717171717172157e-01
3.222222222222222432e-01
3.272727272727272707e-01
3.323232323232323537e-01
3.373737373737374368e-01
3.424242424242424088e-01
3.474747474747474918e-01
3.525252525252525748e-01
3.575757575757576578e-01
3.626262626262626299e-01
3.676767676767677129e-01
3.727272727272727959e-01
3.777777777777777679e-01
3.828282828282828509e-01
3.878787878787879340e-01
3.929292929292929060e-01
3.979797979797979890e-01
4.030303030303030720e-01
4.080808080808081550e-01
4.131313131313131271e-01
4.181818181818182101e-01
4.232323232323232931e-01
4.282828282828282651e-01
4.333333333333333481e-01
4.383838383838384312e-01
4.434343434343435142e-01
4.484848484848484862e-01
4.535353535353535692e-01
4.585858585858586522e-01
4.636363636363636243e-01
4.686868686868687073e-01
4.737373737373737903e-01
4.787878787878788733e-01
4.838383838383838453e-01
4.888888888888889284e-01
4.939393939393940114e-01
4.989898989898989834e-01
5.040404040404040664e-01
5.090909090909091494e-01
5.141414141414142325e-01
5.191919191919192045e-01
5.242424242424242875e-01
5.292929292929293705e-01
5.343434343434343425e-01
5.393939393939394256e-01
5.444444444444445086e-01
5.494949494949495916e-01
5.545454545454545636e-01
5.595959595959596466e-01
5.646464646464647297e-01
5.696969696969697017e-01
5.747474747474747847e-01
5.797979797979798677e-01
5.848484848484848397e-01
5.898989898989899228e-01
5.949494949494950058e-01
5.999999999999999778e-01
