1.000000000000000000e+00
1.000000000000000000e+00
1.000000000000000000e+00
1.000000000000000000e+00
9.959999999999999964e-01
9.959999999999999964e-01
9.919999999999999929e-01
9.799999999999999822e-01
9.719999999999998641e-01
9.639999999999999680e-01
9.599999999999999645e-01
9.519999999999998463e-01
9.359999999999999432e-01
9.359999999999999432e-01
9.119999999999999218e-01
8.919999999999997931e-01
8.719999999999997753e-01
8.639999999999998792e-01
8.599999999999998757e-01
8.479999999999998650e-01
8.359999999999998543e-01
8.240000000000000657e-01
8.079999999999999405e-01
7.920000000000001483e-01
7.920000000000001483e-01
7.760000000000001341e-01
8.079999999999999405e-01
8.000000000000000444e-01
8.079999999999999405e-01
8.160000000000002807e-01
8.040000000000001590e-01
7.960000000000002629e-01
7.680000000000003491e-01
7.600000000000002309e-01
7.560000000000002274e-01
7.400000000000003242e-01
7.400000000000003242e-01
7.959999999999998188e-01
8.039999999999999369e-01
8.079999999999999405e-01
8.119999999999998330e-01
8.239999999999999547e-01
8.279999999999999583e-01
8.319999999999998508e-01
8.279999999999998472e-01
8.319999999999998508e-01
8.319999999999997398e-01
8.279999999999997362e-01
8.359999999999998543e-01
8.839999999999998970e-01
8.999999999999999112e-01
9.079999999999999183e-01
9.279999999999998250e-01
9.359999999999999432e-01
9.440000000000000613e-01
9.519999999999998463e-01
9.640000000000000790e-01
9.759999999999999787e-01
9.840000000000000968e-01
9.840000000000000968e-01
9.879999999999999893e-01
9.919999999999999929e-01
9.919999999999999929e-01
9.919999999999999929e-01
9.959999999999999964e-01
1.000000000000000000e+00
1.000000000000000000e+00
1.000000000000000000e+00
1.000000000000000000e+00
1.000000000000000000e+00
1.000000000000000000e+00
1.000000000000000000e+00
1.000000000000000000e+00
1.000000000000000000e+00
1.000000000000000000e+00
1.000000000000000000e+00
1.000000000000000000e+00
1.000000000000000000e+00
7.999999999999997113e-01
7.999999999999997113e-01
7.999999999999997113e-01
7.999999999999997113e-01
7.999999999999997113e-01
7.999999999999997113e-01
7.999999999999997113e-01
7.999999999999997113e-01
7.999999999999997113e-01
7.999999999999997113e-01
7.999999999999997113e-01
7.999999999999997113e-01
7.999999999999997113e-01
1.000000000000000000e+00
1.000000000000000000e+00
1.000000000000000000e+00
1.000000000000000000e+00
1.000000000000000000e+00
1.000000000000000000e+00
1.000000000000000000e+00
1.000000000000000000e+00
1.000000000000000000e+00
