1.000000000000000000e+00
1.000000000000000000e+00
1.000000000000000000e+00
9.849999999999999867e-01
9.649999999999998579e-01
9.499999999999998446e-01
9.250000000000000444e-01
8.850000000000000089e-01
8.449999999999999734e-01
8.249999999999999556e-01
8.150000000000000577e-01
7.849999999999999201e-01
7.849999999999999201e-01
7.750000000000000222e-01
7.800000000000000266e-01
8.099999999999999423e-01
8.249999999999998446e-01
8.249999999999998446e-01
8.349999999999999645e-01
8.349999999999999645e-01
8.549999999999998712e-01
8.699999999999998845e-01
9.000000000000000222e-01
9.000000000000000222e-01
9.050000000000000266e-01
9.050000000000000266e-01
9.449999999999999512e-01
9.600000000000001865e-01
9.600000000000001865e-01
9.749999999999999778e-01
9.850000000000000977e-01
9.949999999999998845e-01
9.949999999999998845e-01
9.899999999999999911e-01
9.800000000000000933e-01
9.800000000000000933e-01
9.800000000000000933e-01
9.599999999999999645e-01
9.599999999999999645e-01
9.599999999999999645e-01
9.100000000000001421e-01
9.100000000000001421e-01
9.100000000000001421e-01
9.100000000000001421e-01
9.100000000000001421e-01
8.599999999999999867e-01
8.599999999999999867e-01
8.599999999999999867e-01
8.599999999999999867e-01
8.099999999999999423e-01
8.099999999999999423e-01
8.099999999999999423e-01
7.600000000000000089e-01
7.600000000000000089e-01
7.600000000000000089e-01
7.600000000000000089e-01
7.600000000000000089e-01
7.600000000000000089e-01
7.600000000000000089e-01
7.600000000000000089e-01
7.600000000000000089e-01
7.600000000000000089e-01
7.600000000000000089e-01
7.600000000000000089e-01
7.600000000000000089e-01
7.600000000000000089e-01
7.100000000000000755e-01
7.000000000000000666e-01
7.000000000000000666e-01
7.000000000000000666e-01
7.000000000000000666e-01
7.500000000000000000e-01
7.500000000000000000e-01
7.500000000000000000e-01
7.500000000000000000e-01
7.500000000000000000e-01
7.500000000000000000e-01
7.500000000000000000e-01
7.999999999999999334e-01
7.999999999999999334e-01
7.999999999999999334e-01
7.999999999999999334e-01
7.999999999999999334e-01
7.999999999999999334e-01
7.999999999999999334e-01
7.999999999999999334e-01
8.499999999999998668e-01
8.499999999999998668e-01
9.000000000000001332e-01
9.000000000000001332e-01
9.000000000000001332e-01
9.499999999999999556e-01
9.499999999999999556e-01
1.000000000000000000e+00
1.000000000000000000e+00
1.000000000000000000e+00
1.000000000000000000e+00
1.000000000000000000e+00
1.000000000000000000e+00
1.000000000000000000e+00
