1.000000000000000000e+00
1.000000000000000000e+00
9.983333333333332948e-01
9.966666666666665897e-01
9.849999999999998757e-01
9.716666666666664565e-01
9.566666666666665542e-01
9.449999999999998401e-01
9.116666666666664032e-01
8.849999999999997868e-01
8.549999999999998712e-01
8.483333333333334947e-01
8.383333333333331527e-01
8.283333333333334769e-01
8.116666666666667584e-01
8.016666666666668606e-01
8.016666666666668606e-01
7.899999999999999245e-01
7.833333333333334370e-01
7.900000000000001465e-01
7.800000000000000266e-01
7.816666666666667318e-01
7.883333333333333304e-01
7.899999999999998135e-01
7.933333333333333348e-01
8.066666666666666430e-01
8.166666666666667629e-01
8.200000000000001732e-01
8.350000000000000755e-01
8.399999999999999689e-01
8.516666666666667940e-01
8.499999999999999778e-01
8.583333333333332815e-01
8.699999999999998845e-01
8.649999999999999911e-01
8.649999999999999911e-01
8.649999999999999911e-01
8.750000000000000000e-01
8.750000000000001110e-01
8.750000000000000000e-01
8.849999999999998979e-01
8.899999999999999023e-01
8.949999999999997957e-01
8.916666666666663854e-01
8.949999999999996847e-01
9.016666666666667274e-01
9.133333333333333304e-01
9.133333333333334414e-01
9.116666666666666252e-01
9.283333333333331217e-01
9.349999999999997202e-01
9.499999999999997335e-01
9.533333333333331439e-01
9.666666666666664520e-01
9.749999999999998668e-01
9.816666666666665764e-01
9.866666666666664698e-01
9.899999999999999911e-01
9.949999999999998845e-01
9.966666666666665897e-01
9.983333333333332948e-01
9.983333333333332948e-01
9.983333333333332948e-01
9.983333333333332948e-01
1.000000000000000000e+00
1.000000000000000000e+00
9.499999999999995115e-01
9.499999999999995115e-01
9.499999999999995115e-01
9.499999999999995115e-01
9.499999999999995115e-01
8.999999999999995781e-01
8.999999999999995781e-01
8.999999999999995781e-01
8.999999999999995781e-01
8.999999999999995781e-01
8.999999999999995781e-01
8.999999999999995781e-01
8.500000000000003109e-01
8.500000000000003109e-01
8.500000000000003109e-01
8.000000000000003775e-01
8.000000000000003775e-01
8.000000000000003775e-01
8.000000000000003775e-01
8.000000000000003775e-01
8.500000000000003109e-01
8.500000000000003109e-01
8.999999999999995781e-01
8.999999999999995781e-01
8.999999999999995781e-01
9.499999999999995115e-01
9.499999999999995115e-01
1.000000000000000000e+00
1.000000000000000000e+00
1.000000000000000000e+00
1.000000000000000000e+00
1.000000000000000000e+00
1.000000000000000000e+00
1.000000000000000000e+00
