0.000000000000000000e+00
1.224489795918367284e-02
2.448979591836734568e-02
3.673469387755101678e-02
4.897959183673469136e-02
6.122448979591836593e-02
7.346938775510203357e-02
8.571428571428571508e-02
9.795918367346938271e-02
1.102040816326530503e-01
1.224489795918367319e-01
1.346938775510204134e-01
1.469387755102040671e-01
1.591836734693877486e-01
1.714285714285714302e-01
1.836734693877550839e-01
1.959183673469387654e-01
2.081632653061224469e-01
2.204081632653061007e-01
2.326530612244897822e-01
2.448979591836734637e-01
2.571428571428571175e-01
2.693877551020408267e-01
2.816326530612244805e-01
2.938775510204081343e-01
3.061224489795918435e-01
3.183673469387754973e-01
3.306122448979591510e-01
3.428571428571428603e-01
3.551020408163265141e-01
3.673469387755101678e-01
3.795918367346938771e-01
3.918367346938775309e-01
4.040816326530611846e-01
4.163265306122448939e-01
4.285714285714285476e-01
4.408163265306122014e-01
4.530612244897959107e-01
4.653061224489795644e-01
4.775510204081632182e-01
4.897959183673469274e-01
5.020408163265306367e-01
5.142857142857142350e-01
5.265306122448979442e-01
5.387755102040816535e-01
5.510204081632652517e-01
5.632653061224489610e-01
5.755102040816326703e-01
5.877551020408162685e-01
5.999999999999999778e-01
