1.000000000000000000e+00
1.000000000000000000e+00
1.000000000000000000e+00
9.916666666666665853e-01
9.783333333333331661e-01
9.416666666666664298e-01
9.133333333333329973e-01
8.899999999999997913e-01
8.549999999999998712e-01
8.150000000000000577e-01
7.966666666666668561e-01
7.999999999999999334e-01
8.100000000000000533e-01
8.266666666666664387e-01
8.183333333333331350e-01
8.150000000000000577e-01
8.166666666666666519e-01
8.116666666666667584e-01
8.316666666666667762e-01
8.383333333333334858e-01
8.683333333333335124e-01
8.766666666666667052e-01
8.800000000000001155e-01
8.933333333333333126e-01
8.983333333333333171e-01
9.033333333333332105e-01
9.366666666666664254e-01
9.416666666666665408e-01
9.616666666666665586e-01
9.816666666666666874e-01
9.866666666666666918e-01
9.916666666666666963e-01
9.949999999999999956e-01
9.966666666666665897e-01
9.966666666666665897e-01
9.949999999999998845e-01
9.883333333333331749e-01
9.616666666666663366e-01
9.616666666666663366e-01
9.616666666666663366e-01
9.116666666666662922e-01
9.116666666666662922e-01
9.116666666666662922e-01
9.116666666666662922e-01
9.116666666666662922e-01
8.616666666666668029e-01
8.616666666666668029e-01
8.616666666666668029e-01
8.616666666666668029e-01
8.116666666666670915e-01
8.116666666666670915e-01
8.116666666666670915e-01
7.616666666666667140e-01
7.616666666666667140e-01
7.616666666666667140e-01
7.616666666666667140e-01
7.616666666666667140e-01
7.616666666666667140e-01
7.616666666666667140e-01
7.616666666666667140e-01
7.616666666666667140e-01
7.616666666666667140e-01
7.616666666666667140e-01
7.616666666666667140e-01
7.616666666666667140e-01
7.583333333333334147e-01
7.116666666666663366e-01
6.999999999999996225e-01
6.999999999999996225e-01
6.999999999999996225e-01
6.999999999999996225e-01
7.500000000000000000e-01
7.500000000000000000e-01
7.500000000000000000e-01
7.500000000000000000e-01
7.500000000000000000e-01
7.500000000000000000e-01
7.500000000000000000e-01
8.000000000000003775e-01
8.000000000000003775e-01
8.000000000000003775e-01
8.000000000000003775e-01
8.000000000000003775e-01
8.000000000000003775e-01
8.000000000000003775e-01
8.000000000000003775e-01
8.500000000000003109e-01
8.500000000000003109e-01
8.999999999999995781e-01
8.999999999999995781e-01
8.999999999999995781e-01
9.499999999999995115e-01
9.499999999999995115e-01
1.000000000000000000e+00
1.000000000000000000e+00
1.000000000000000000e+00
1.000000000000000000e+00
1.000000000000000000e+00
1.000000000000000000e+00
1.000000000000000000e+00
