3.300000000000000155e-01
3.304310344827586232e-01
3.308620689655172309e-01
3.312931034482758941e-01
3.317241379310345017e-01
3.321551724137931094e-01
3.325862068965517171e-01
3.330172413793103803e-01
3.334482758620689880e-01
3.338793103448275956e-01
3.343103448275862033e-01
3.347413793103448665e-01
3.351724137931034742e-01
3.356034482758620818e-01
3.360344827586206895e-01
3.364655172413793527e-01
3.368965517241379604e-01
3.373275862068965680e-01
3.377586206896551757e-01
3.381896551724138389e-01
3.386206896551724466e-01
3.390517241379310542e-01
3.394827586206896619e-01
3.399137931034483251e-01
3.403448275862069328e-01
3.407758620689655404e-01
3.412068965517241481e-01
3.416379310344828113e-01
3.420689655172414190e-01
3.425000000000000266e-01
