1.000000000000000000e+00
1.000000000000000000e+00
1.000000000000000000e+00
9.833333333333332815e-01
9.633333333333331527e-01
9.516666666666664387e-01
9.233333333333330062e-01
9.099999999999995870e-01
8.983333333333329840e-01
8.649999999999998801e-01
8.400000000000000799e-01
8.633333333333331749e-01
8.800000000000000044e-01
9.033333333333328774e-01
9.149999999999995914e-01
9.249999999999999334e-01
9.233333333333333393e-01
9.133333333333333304e-01
9.399999999999997247e-01
9.383333333333330195e-01
9.616666666666662255e-01
9.649999999999996358e-01
9.749999999999997558e-01
9.949999999999998845e-01
1.000000000000000000e+00
1.000000000000000000e+00
9.499999999999995115e-01
9.499999999999995115e-01
9.499999999999995115e-01
9.499999999999995115e-01
9.499999999999995115e-01
9.499999999999995115e-01
9.499999999999995115e-01
9.499999999999995115e-01
9.499999999999995115e-01
9.499999999999995115e-01
9.499999999999995115e-01
8.999999999999995781e-01
8.999999999999995781e-01
8.999999999999995781e-01
8.500000000000003109e-01
8.500000000000003109e-01
8.500000000000003109e-01
8.500000000000003109e-01
8.500000000000003109e-01
8.000000000000003775e-01
8.000000000000003775e-01
8.000000000000003775e-01
8.000000000000003775e-01
7.500000000000000000e-01
7.500000000000000000e-01
7.500000000000000000e-01
6.999999999999996225e-01
6.999999999999996225e-01
6.999999999999996225e-01
6.999999999999996225e-01
6.999999999999996225e-01
6.999999999999996225e-01
6.999999999999996225e-01
6.999999999999996225e-01
6.999999999999996225e-01
6.499999999999999112e-01
6.499999999999999112e-01
6.499999999999999112e-01
6.499999999999999112e-01
6.499999999999999112e-01
6.999999999999996225e-01
6.999999999999996225e-01
6.999999999999996225e-01
6.999999999999996225e-01
6.999999999999996225e-01
7.500000000000000000e-01
7.500000000000000000e-01
7.500000000000000000e-01
7.500000000000000000e-01
7.500000000000000000e-01
7.500000000000000000e-01
7.500000000000000000e-01
8.000000000000003775e-01
8.000000000000003775e-01
8.000000000000003775e-01
8.000000000000003775e-01
8.000000000000003775e-01
8.000000000000003775e-01
8.000000000000003775e-01
8.000000000000003775e-01
8.500000000000003109e-01
8.500000000000003109e-01
8.999999999999995781e-01
8.999999999999995781e-01
8.999999999999995781e-01
9.499999999999995115e-01
9.499999999999995115e-01
1.000000000000000000e+00
1.000000000000000000e+00
1.000000000000000000e+00
1.000000000000000000e+00
1.000000000000000000e+00
1.000000000000000000e+00
1.000000000000000000e+00
