-1.500000000000000000e+00
-1.496993987975951956e+00
-1.493987975951903913e+00
-1.490981963927855647e+00
-1.487975951903807603e+00
-1.484969939879759560e+00
-1.481963927855711516e+00
-1.478957915831663250e+00
-1.475951903807615206e+00
-1.472945891783567163e+00
-1.469939879759519119e+00
-1.466933867735470853e+00
-1.463927855711422810e+00
-1.460921843687374766e+00
-1.457915831663326722e+00
-1.454909819639278457e+00
-1.451903807615230413e+00
-1.448897795591182369e+00
-1.445891783567134325e+00
-1.442885771543086282e+00
-1.439879759519038016e+00
-1.436873747494989972e+00
-1.433867735470941929e+00
-1.430861723446893885e+00
-1.427855711422845619e+00
-1.424849699398797576e+00
-1.421843687374749532e+00
-1.418837675350701488e+00
-1.415831663326653223e+00
-1.412825651302605179e+00
-1.409819639278557135e+00
-1.406813627254509091e+00
-1.403807615230460826e+00
-1.400801603206412782e+00
-1.397795591182364738e+00
-1.394789579158316695e+00
-1.391783567134268651e+00
-1.388777555110220385e+00
-1.385771543086172342e+00
-1.382765531062124298e+00
-1.379759519038076254e+00
-1.376753507014027988e+00
-1.373747494989979945e+00
-1.370741482965931901e+00
-1.367735470941883857e+00
-1.364729458917835592e+00
-1.361723446893787548e+00
-1.358717434869739504e+00
-1.355711422845691461e+00
-1.352705410821643195e+00
-1.349699398797595151e+00
-1.346693386773547108e+00
-1.343687374749499064e+00
-1.340681362725451020e+00
-1.337675350701402754e+00
-1.334669338677354711e+00
-1.331663326653306667e+00
-1.328657314629258401e+00
-1.325651302605210358e+00
-1.322645290581162314e+00
-1.319639278557114270e+00
-1.316633266533066227e+00
-1.313627254509017961e+00
-1.310621242484969917e+00
-1.307615230460921874e+00
-1.304609218436873830e+00
-1.301603206412825564e+00
-1.298597194388777520e+00
-1.295591182364729477e+00
-1.292585170340681433e+00
-1.289579158316633389e+00
-1.286573146292585124e+00
-1.283567134268537080e+00
-1.280561122244489036e+00
-1.277555110220440771e+00
-1.274549098196392727e+00
-1.271543086172344683e+00
-1.268537074148296639e+00
-1.265531062124248596e+00
-1.262525050100200330e+00
-1.259519038076152286e+00
-1.256513026052104243e+00
-1.253507014028056199e+00
-1.250501002004007933e+00
-1.247494989979959890e+00
-1.244488977955911846e+00
-1.241482965931863802e+00
-1.238476953907815759e+00
-1.235470941883767493e+00
-1.232464929859719449e+00
-1.229458917835671405e+00
-1.226452905811623140e+00
-1.223446893787575096e+00
-1.220440881763527052e+00
-1.217434869739479009e+00
-1.214428857715430965e+00
-1.211422845691382699e+00
-1.208416833667334656e+00
-1.205410821643286612e+00
-1.202404809619238346e+00
-1.199398797595190302e+00
-1.196392785571142259e+00
-1.193386773547094215e+00
-1.190380761523046171e+00
-1.187374749498998128e+00
-1.184368737474949862e+00
-1.181362725450901818e+00
-1.178356713426853775e+00
-1.175350701402805509e+00
-1.172344689378757465e+00
-1.169338677354709422e+00
-1.166332665330661378e+00
-1.163326653306613334e+00
-1.160320641282565068e+00
-1.157314629258517025e+00
-1.154308617234468981e+00
-1.151302605210420715e+00
-1.148296593186372672e+00
-1.145290581162324628e+00
-1.142284569138276584e+00
-1.139278557114228541e+00
-1.136272545090180497e+00
-1.133266533066132231e+00
-1.130260521042084187e+00
-1.127254509018036144e+00
-1.124248496993987878e+00
-1.121242484969939834e+00
-1.118236472945891791e+00
-1.115230460921843747e+00
-1.112224448897795703e+00
-1.109218436873747438e+00
-1.106212424849699394e+00
-1.103206412825651350e+00
-1.100200400801603084e+00
-1.097194388777555041e+00
-1.094188376753506997e+00
-1.091182364729458953e+00
-1.088176352705410910e+00
-1.085170340681362866e+00
-1.082164328657314600e+00
-1.079158316633266557e+00
-1.076152304609218513e+00
-1.073146292585170247e+00
-1.070140280561122204e+00
-1.067134268537074160e+00
-1.064128256513026116e+00
-1.061122244488978072e+00
-1.058116232464929807e+00
-1.055110220440881763e+00
-1.052104208416833719e+00
-1.049098196392785454e+00
-1.046092184368737410e+00
-1.043086172344689366e+00
-1.040080160320641323e+00
-1.037074148296593279e+00
-1.034068136272545013e+00
-1.031062124248496970e+00
-1.028056112224448926e+00
-1.025050100200400882e+00
-1.022044088176352616e+00
-1.019038076152304573e+00
-1.016032064128256529e+00
-1.013026052104208485e+00
-1.010020040080160442e+00
-1.007014028056112176e+00
-1.004008016032064132e+00
-1.001002004008016089e+00
-9.979959919839679339e-01
-9.949899799599198902e-01
-9.919839679358717355e-01
-9.889779559118236918e-01
-9.859719438877755371e-01
-9.829659318637274934e-01
-9.799599198396793387e-01
-9.769539078156312950e-01
-9.739478957915831403e-01
-9.709418837675350966e-01
-9.679358717434869419e-01
-9.649298597194388982e-01
-9.619238476953907435e-01
-9.589178356713426998e-01
-9.559118236472945451e-01
-9.529058116232465014e-01
-9.498997995991984578e-01
-9.468937875751503030e-01
-9.438877755511022594e-01
-9.408817635270541047e-01
-9.378757515030060610e-01
-9.348697394789579063e-01
-9.318637274549098626e-01
-9.288577154308617079e-01
-9.258517034068136642e-01
-9.228456913827655095e-01
-9.198396793587174658e-01
-9.168336673346693111e-01
-9.138276553106212674e-01
-9.108216432865731127e-01
-9.078156312625250690e-01
-9.048096192384769143e-01
-9.018036072144288706e-01
-8.987975951903807159e-01
-8.957915831663326722e-01
-8.927855711422846285e-01
-8.897795591182364738e-01
-8.867735470941884302e-01
-8.837675350701402754e-01
-8.807615230460922318e-01
-8.777555110220440771e-01
-8.747494989979960334e-01
-8.717434869739478787e-01
-8.687374749498998350e-01
-8.657314629258516803e-01
-8.627254509018036366e-01
-8.597194388777554819e-01
-8.567134268537074382e-01
-8.537074148296592835e-01
-8.507014028056112398e-01
-8.476953907815630851e-01
-8.446893787575150414e-01
-8.416833667334668867e-01
-8.386773547094188430e-01
-8.356713426853707993e-01
-8.326653306613226446e-01
-8.296593186372746009e-01
-8.266533066132264462e-01
-8.236472945891784025e-01
-8.206412825651302478e-01
-8.176352705410822042e-01
-8.146292585170340494e-01
-8.116232464929860058e-01
-8.086172344689378511e-01
-8.056112224448898074e-01
-8.026052104208416527e-01
-7.995991983967936090e-01
-7.965931863727454543e-01
-7.935871743486974106e-01
-7.905811623246492559e-01
-7.875751503006012122e-01
-7.845691382765531685e-01
-7.815631262525050138e-01
-7.785571142284569701e-01
-7.755511022044088154e-01
-7.725450901803607717e-01
-7.695390781563126170e-01
-7.665330661322645733e-01
-7.635270541082164186e-01
-7.605210420841683749e-01
-7.575150300601202202e-01
-7.545090180360721765e-01
-7.515030060120240218e-01
-7.484969939879759782e-01
-7.454909819639278235e-01
-7.424849699398797798e-01
-7.394789579158316251e-01
-7.364729458917835814e-01
-7.334669338677354267e-01
-7.304609218436873830e-01
-7.274549098196393393e-01
-7.244488977955911846e-01
-7.214428857715431409e-01
-7.184368737474949862e-01
-7.154308617234469425e-01
-7.124248496993987878e-01
-7.094188376753507441e-01
-7.064128256513025894e-01
-7.034068136272545457e-01
-7.004008016032063910e-01
-6.973947895791583473e-01
-6.943887775551101926e-01
-6.913827655310621489e-01
-6.883767535070139942e-01
-6.853707414829659506e-01
-6.823647294589177958e-01
-6.793587174348697522e-01
-6.763527054108215975e-01
-6.733466933867735538e-01
-6.703406813627255101e-01
-6.673346693386773554e-01
-6.643286573146293117e-01
-6.613226452905811570e-01
-6.583166332665331133e-01
-6.553106212424849586e-01
-6.523046092184369149e-01
-6.492985971943887602e-01
-6.462925851703407165e-01
-6.432865731462925618e-01
-6.402805611222445181e-01
-6.372745490981963634e-01
-6.342685370741483197e-01
-6.312625250501001650e-01
-6.282565130260521213e-01
-6.252505010020039666e-01
-6.222444889779559229e-01
-6.192384769539078793e-01
-6.162324649298597246e-01
-6.132264529058116809e-01
-6.102204408817635262e-01
-6.072144288577154825e-01
-6.042084168336673278e-01
-6.012024048096192841e-01
-5.981963927855711294e-01
-5.951903807615230857e-01
-5.921843687374749310e-01
-5.891783567134268873e-01
-5.861723446893787326e-01
-5.831663326653306889e-01
-5.801603206412825342e-01
-5.771543086172344905e-01
-5.741482965931863358e-01
-5.711422845691382921e-01
-5.681362725450901374e-01
-5.651302605210420937e-01
-5.621242484969940501e-01
-5.591182364729458953e-01
-5.561122244488978517e-01
-5.531062124248496970e-01
-5.501002004008016533e-01
-5.470941883767534986e-01
-5.440881763527054549e-01
-5.410821643286573002e-01
-5.380761523046092565e-01
-5.350701402805611018e-01
-5.320641282565130581e-01
-5.290581162324649034e-01
-5.260521042084168597e-01
-5.230460921843687050e-01
-5.200400801603206613e-01
-5.170340681362725066e-01
-5.140280561122244629e-01
-5.110220440881763082e-01
-5.080160320641282645e-01
-5.050100200400802208e-01
-5.020040080160320661e-01
-4.989979959919839114e-01
-4.959919839679358677e-01
-4.929859719438878241e-01
-4.899799599198397804e-01
-4.869739478957915146e-01
-4.839679358717434710e-01
-4.809619238476954273e-01
-4.779559118236473836e-01
-4.749498997995991179e-01
-4.719438877755510742e-01
-4.689378757515030305e-01
-4.659318637274549868e-01
-4.629258517034067211e-01
-4.599198396793586774e-01
-4.569138276553106337e-01
-4.539078156312625900e-01
-4.509018036072145463e-01
-4.478957915831662806e-01
-4.448897795591182369e-01
-4.418837675350701932e-01
-4.388777555110221495e-01
-4.358717434869738838e-01
-4.328657314629258401e-01
-4.298597194388777964e-01
-4.268537074148297528e-01
-4.238476953907814870e-01
-4.208416833667334433e-01
-4.178356713426853997e-01
-4.148296593186373560e-01
-4.118236472945890903e-01
-4.088176352705410466e-01
-4.058116232464930029e-01
-4.028056112224449592e-01
-3.997995991983969155e-01
-3.967935871743486498e-01
-3.937875751503006061e-01
-3.907815631262525624e-01
-3.877755511022045187e-01
-3.847695390781562530e-01
-3.817635270541082093e-01
-3.787575150300601656e-01
-3.757515030060121219e-01
-3.727454909819638562e-01
-3.697394789579158125e-01
-3.667334669338677688e-01
-3.637274549098197252e-01
-3.607214428857714594e-01
-3.577154308617234157e-01
-3.547094188376753721e-01
-3.517034068136273284e-01
-3.486973947895790626e-01
-3.456913827655310190e-01
-3.426853707414829753e-01
-3.396793587174349316e-01
-3.366733466933868879e-01
-3.336673346693386222e-01
-3.306613226452905785e-01
-3.276553106212425348e-01
-3.246492985971944911e-01
-3.216432865731462254e-01
-3.186372745490981817e-01
-3.156312625250501380e-01
-3.126252505010020943e-01
-3.096192384769538286e-01
-3.066132264529057849e-01
-3.036072144288577412e-01
-3.006012024048096976e-01
-2.975951903807614318e-01
-2.945891783567133881e-01
-2.915831663326653445e-01
-2.885771543086173008e-01
-2.855711422845692571e-01
-2.825651302605209914e-01
-2.795591182364729477e-01
-2.765531062124249040e-01
-2.735470941883768603e-01
-2.705410821643285946e-01
-2.675350701402805509e-01
-2.645290581162325072e-01
-2.615230460921844635e-01
-2.585170340681361978e-01
-2.555110220440881541e-01
-2.525050100200401104e-01
-2.494989979959920667e-01
-2.464929859719438010e-01
-2.434869739478957573e-01
-2.404809619238477136e-01
-2.374749498997996700e-01
-2.344689378757516263e-01
-2.314629258517033605e-01
-2.284569138276553169e-01
-2.254509018036072732e-01
-2.224448897795592295e-01
-2.194388777555109638e-01
-2.164328657314629201e-01
-2.134268537074148764e-01
-2.104208416833668327e-01
-2.074148296593185670e-01
-2.044088176352705233e-01
-2.014028056112224796e-01
-1.983967935871744359e-01
-1.953907815631261702e-01
-1.923847695390781265e-01
-1.893787575150300828e-01
-1.863727454909820391e-01
-1.833667334669337734e-01
-1.803607214428857297e-01
-1.773547094188376860e-01
-1.743486973947896423e-01
-1.713426853707415987e-01
-1.683366733466933329e-01
-1.653306613226452892e-01
-1.623246492985972456e-01
-1.593186372745492019e-01
-1.563126252505009361e-01
-1.533066132264528925e-01
-1.503006012024048488e-01
-1.472945891783568051e-01
-1.442885771543085394e-01
-1.412825651302604957e-01
-1.382765531062124520e-01
-1.352705410821644083e-01
-1.322645290581161426e-01
-1.292585170340680989e-01
-1.262525050100200552e-01
-1.232464929859720115e-01
-1.202404809619239678e-01
-1.172344689378757021e-01
-1.142284569138276584e-01
-1.112224448897796147e-01
-1.082164328657315711e-01
-1.052104208416833053e-01
-1.022044088176352616e-01
-9.919839679358721796e-02
-9.619238476953917427e-02
-9.318637274549090854e-02
-9.018036072144286486e-02
-8.717434869739482117e-02
-8.416833667334677749e-02
-8.116232464929851176e-02
-7.815631262525046807e-02
-7.515030060120242439e-02
-7.214428857715438070e-02
-6.913827655310633702e-02
-6.613226452905807129e-02
-6.312625250501002760e-02
-6.012024048096198392e-02
-5.711422845691394024e-02
-5.410821643286567451e-02
-5.110220440881763082e-02
-4.809619238476958714e-02
-4.509018036072154345e-02
-4.208416833667327772e-02
-3.907815631262523404e-02
-3.607214428857719035e-02
-3.306613226452914667e-02
-3.006012024048088094e-02
-2.705410821643283725e-02
-2.404809619238479357e-02
-2.104208416833674988e-02
-1.803607214428848415e-02
-1.503006012024044047e-02
-1.202404809619239678e-02
-9.018036072144353099e-03
-6.012024048096309414e-03
-3.006012024048043685e-03
0.000000000000000000e+00
