1.000000000000000000e+00
1.000000000000000000e+00
9.933333333333327353e-01
9.866666666666662477e-01
9.866666666666662477e-01
9.866666666666662477e-01
9.866666666666662477e-01
9.866666666666662477e-01
9.866666666666662477e-01
9.866666666666662477e-01
9.866666666666662477e-01
9.866666666666662477e-01
9.866666666666662477e-01
9.799999999999990941e-01
9.733333333333341608e-01
9.733333333333341608e-01
9.733333333333341608e-01
9.733333333333341608e-01
9.733333333333341608e-01
9.733333333333341608e-01
9.726666666666673455e-01
9.726666666666673455e-01
9.662666666666666071e-01
9.662666666666666071e-01
9.662666666666666071e-01
9.662666666666666071e-01
9.596000000000006747e-01
9.596000000000006747e-01
9.529333333333331879e-01
9.529333333333331879e-01
9.462666666666660342e-01
9.395999999999996577e-01
9.329333333333325040e-01
9.331999999999990303e-01
9.331999999999990303e-01
9.331999999999990303e-01
9.327999999999991854e-01
9.325333333333324370e-01
9.325333333333324370e-01
9.325333333333324370e-01
9.258666666666671707e-01
9.192000000000010163e-01
9.192000000000010163e-01
9.192000000000010163e-01
9.192000000000010163e-01
9.192000000000010163e-01
9.194666666666675425e-01
9.186666666666676306e-01
9.182666666666675637e-01
9.182666666666675637e-01
9.118666666666670473e-01
9.051999999999997826e-01
8.987999999999993772e-01
8.978666666666660356e-01
8.978666666666660356e-01
8.974666666666660797e-01
8.907999999999997032e-01
8.849333333333340157e-01
8.782666666666669730e-01
8.716000000000007075e-01
8.649333333333335538e-01
8.649333333333335538e-01
8.585333333333331485e-01
8.583999999999997188e-01
8.583999999999997188e-01
8.517333333333325651e-01
8.511999999999992905e-01
8.511999999999992905e-01
8.510666666666659719e-01
8.511999999999992905e-01
8.511999999999992905e-01
8.513333333333327202e-01
8.513333333333327202e-01
8.513333333333327202e-01
8.451999999999997293e-01
8.447999999999997733e-01
8.446666666666664547e-01
8.446666666666664547e-01
8.439999999999997504e-01
8.381333333333338409e-01
8.320000000000001839e-01
8.318666666666668652e-01
8.262666666666669268e-01
8.258666666666668599e-01
8.194666666666670096e-01
8.194666666666670096e-01
8.192000000000004833e-01
8.188000000000005274e-01
8.182666666666671418e-01
8.118666666666666254e-01
8.051999999999998048e-01
8.043999999999997819e-01
8.043999999999997819e-01
8.047999999999997378e-01
8.042666666666664632e-01
8.037333333333331886e-01
7.981333333333333613e-01
7.977333333333332943e-01
7.921333333333333560e-01
7.918666666666667187e-01
7.914666666666667627e-01
7.869333333333332625e-01
7.881333333333333524e-01
7.878666666666664931e-01
7.879999999999998117e-01
7.877333333333332854e-01
7.877333333333332854e-01
7.886666666666666270e-01
7.874666666666665371e-01
7.837333333333333929e-01
7.833333333333334370e-01
7.782666666666666622e-01
7.790666666666667961e-01
7.789333333333334775e-01
7.759999999999999121e-01
7.725333333333332941e-01
7.725333333333332941e-01
7.726666666666666128e-01
7.678666666666665863e-01
7.686666666666666092e-01
7.657333333333334879e-01
7.654666666666668506e-01
7.666666666666668295e-01
7.666666666666668295e-01
7.678666666666669194e-01
7.690666666666667872e-01
7.700000000000001288e-01
7.705333333333334034e-01
7.708000000000001517e-01
7.686666666666666092e-01
7.713333333333334263e-01
7.706666666666667220e-01
7.696000000000000618e-01
7.710666666666667890e-01
7.718666666666668119e-01
7.726666666666669459e-01
7.741333333333334510e-01
7.735999999999999543e-01
7.735999999999997323e-01
7.726666666666663907e-01
7.715999999999998415e-01
7.721333333333332272e-01
7.713333333333332043e-01
7.717333333333331602e-01
7.721333333333332272e-01
7.718666666666664788e-01
7.707999999999998186e-01
7.705333333333332924e-01
7.734666666666666357e-01
7.741333333333334510e-01
7.746666666666668366e-01
7.746666666666668366e-01
7.753333333333334298e-01
7.740000000000002434e-01
7.746666666666668366e-01
7.738666666666665916e-01
7.743999999999998662e-01
7.762666666666666604e-01
7.785333333333335215e-01
7.793333333333329893e-01
7.783999999999996477e-01
7.779999999999996918e-01
7.795999999999999597e-01
7.791999999999998927e-01
7.799999999999998046e-01
7.818666666666663767e-01
7.822666666666664437e-01
7.846666666666665124e-01
7.862666666666666693e-01
7.860000000000000320e-01
7.858666666666667133e-01
7.853333333333333277e-01
7.842666666666667785e-01
7.853333333333333277e-01
7.861333333333333506e-01
7.853333333333334387e-01
7.848000000000000531e-01
7.848000000000000531e-01
7.848000000000000531e-01
7.885333333333335304e-01
7.886666666666670711e-01
7.886666666666670711e-01
7.893333333333336643e-01
7.896000000000005237e-01
7.893333333333337754e-01
7.898666666666670499e-01
7.900000000000002576e-01
7.918666666666663856e-01
7.953333333333335586e-01
7.953333333333335586e-01
7.960000000000002629e-01
7.969333333333336045e-01
7.969333333333336045e-01
7.954666666666667663e-01
7.954666666666667663e-01
7.956000000000003070e-01
7.961333333333335815e-01
7.961333333333335815e-01
7.944000000000002171e-01
7.934666666666668755e-01
7.977333333333332943e-01
7.974666666666665460e-01
8.017333333333336309e-01
8.005333333333335410e-01
8.032000000000000250e-01
8.074666666666666659e-01
8.074666666666666659e-01
8.074666666666666659e-01
8.072000000000000286e-01
8.072000000000000286e-01
8.072000000000000286e-01
8.049333333333333895e-01
8.084000000000000075e-01
8.121333333333332627e-01
8.121333333333332627e-01
8.111999999999999211e-01
8.113333333333332398e-01
8.142666666666669162e-01
8.142666666666669162e-01
8.137333333333335306e-01
8.169333333333334002e-01
8.212000000000003741e-01
8.246666666666662149e-01
8.246666666666662149e-01
8.246666666666662149e-01
8.241333333333328293e-01
8.241333333333328293e-01
8.237333333333328733e-01
8.282666666666664845e-01
8.282666666666664845e-01
8.270666666666666167e-01
8.264000000000000234e-01
8.262666666666667048e-01
8.257333333333332082e-01
8.256000000000000005e-01
8.293333333333333668e-01
8.322666666666667101e-01
8.365333333333332400e-01
8.397333333333334426e-01
8.401333333333335096e-01
8.436000000000001275e-01
8.430666666666667419e-01
8.486666666666669023e-01
8.532000000000000695e-01
8.542666666666669517e-01
8.593333333333333934e-01
8.599999999999999867e-01
8.602666666666667350e-01
8.634666666666669377e-01
8.682666666666665201e-01
8.696000000000000396e-01
8.694666666666666099e-01
8.696000000000000396e-01
8.701333333333332032e-01
8.701333333333332032e-01
8.701333333333332032e-01
8.733333333333332948e-01
8.733333333333332948e-01
8.773333333333335204e-01
8.829333333333333478e-01
8.844000000000000750e-01
8.894666666666666277e-01
8.894666666666666277e-01
8.894666666666666277e-01
8.945333333333331804e-01
8.945333333333331804e-01
8.959999999999999076e-01
9.010666666666666824e-01
9.069333333333333691e-01
9.085333333333334149e-01
9.085333333333334149e-01
9.138666666666668270e-01
9.138666666666668270e-01
9.138666666666668270e-01
9.138666666666668270e-01
9.138666666666668270e-01
9.138666666666668270e-01
9.189333333333332687e-01
9.189333333333332687e-01
9.189333333333332687e-01
9.189333333333332687e-01
9.189333333333332687e-01
9.189333333333332687e-01
9.189333333333332687e-01
9.189333333333332687e-01
9.189333333333332687e-01
9.189333333333332687e-01
9.189333333333332687e-01
9.189333333333332687e-01
9.226666666666667460e-01
9.226666666666667460e-01
9.226666666666667460e-01
9.226666666666667460e-01
9.272000000000001352e-01
9.314666666666667760e-01
9.352000000000001423e-01
9.352000000000001423e-01
9.352000000000001423e-01
9.375999999999997669e-01
9.375999999999997669e-01
9.375999999999997669e-01
9.375999999999997669e-01
9.397333333333331984e-01
9.397333333333331984e-01
9.397333333333331984e-01
9.397333333333331984e-01
9.397333333333331984e-01
9.397333333333331984e-01
9.423999999999997934e-01
9.423999999999997934e-01
9.423999999999997934e-01
9.423999999999997934e-01
9.423999999999997934e-01
9.423999999999997934e-01
9.429333333333334011e-01
9.429333333333334011e-01
9.429333333333334011e-01
9.429333333333334011e-01
9.426666666666663197e-01
9.431999999999999273e-01
9.431999999999999273e-01
9.426666666666665417e-01
9.426666666666665417e-01
9.426666666666665417e-01
9.394666666666668942e-01
9.394666666666668942e-01
9.367999999999999661e-01
9.367999999999999661e-01
9.367999999999999661e-01
9.367999999999999661e-01
9.367999999999999661e-01
9.367999999999999661e-01
9.367999999999999661e-01
9.301333333333330344e-01
9.301333333333330344e-01
9.301333333333330344e-01
9.301333333333330344e-01
9.301333333333330344e-01
9.301333333333330344e-01
9.301333333333330344e-01
9.234666666666665469e-01
9.234666666666665469e-01
9.167999999999998373e-01
9.167999999999998373e-01
9.101333333333336828e-01
9.101333333333336828e-01
9.101333333333336828e-01
9.101333333333336828e-01
9.101333333333336828e-01
9.101333333333336828e-01
9.034666666666669732e-01
9.034666666666669732e-01
9.034666666666669732e-01
8.967999999999999305e-01
8.901333333333333320e-01
8.834666666666666224e-01
8.834666666666666224e-01
8.834666666666666224e-01
8.834666666666666224e-01
8.768000000000000238e-01
8.701333333333333142e-01
8.634666666666668267e-01
8.568000000000003391e-01
8.501333333333335185e-01
8.434666666666665868e-01
8.434666666666665868e-01
8.434666666666665868e-01
8.434666666666665868e-01
8.367999999999998773e-01
8.367999999999998773e-01
8.367999999999998773e-01
8.367999999999998773e-01
8.301333333333330566e-01
8.301333333333330566e-01
8.301333333333330566e-01
8.301333333333330566e-01
8.234666666666669022e-01
8.168000000000000815e-01
8.168000000000000815e-01
8.168000000000000815e-01
8.168000000000000815e-01
8.168000000000000815e-01
8.168000000000000815e-01
8.168000000000000815e-01
8.168000000000000815e-01
8.168000000000000815e-01
8.168000000000000815e-01
8.155999999999999917e-01
8.145333333333333314e-01
8.141333333333332645e-01
8.082666666666671329e-01
8.072000000000003617e-01
8.058666666666670642e-01
8.032000000000002471e-01
7.998666666666669478e-01
7.900000000000002576e-01
7.817333333333335021e-01
7.852000000000003421e-01
7.833333333333338810e-01
7.883999999999998787e-01
7.874666666666665371e-01
7.874666666666665371e-01
7.874666666666665371e-01
7.869333333333332625e-01
7.933333333333336679e-01
7.933333333333336679e-01
7.999999999999997113e-01
7.999999999999997113e-01
7.999999999999997113e-01
8.066666666666655328e-01
8.066666666666655328e-01
8.066666666666655328e-01
8.066666666666655328e-01
8.133333333333326864e-01
8.200000000000001732e-01
8.200000000000001732e-01
8.266666666666673269e-01
8.266666666666673269e-01
8.266666666666673269e-01
8.266666666666673269e-01
8.266666666666673269e-01
8.266666666666673269e-01
8.333333333333335924e-01
8.400000000000007461e-01
8.400000000000007461e-01
8.400000000000007461e-01
8.400000000000007461e-01
8.400000000000007461e-01
8.400000000000007461e-01
8.400000000000007461e-01
8.400000000000007461e-01
8.466666666666664565e-01
8.466666666666664565e-01
8.466666666666664565e-01
8.466666666666664565e-01
8.466666666666664565e-01
8.533333333333323889e-01
8.533333333333323889e-01
8.599999999999995426e-01
8.599999999999995426e-01
8.599999999999995426e-01
8.599999999999995426e-01
8.599999999999995426e-01
8.599999999999995426e-01
8.599999999999995426e-01
8.599999999999995426e-01
8.666666666666670293e-01
8.733333333333341830e-01
8.733333333333341830e-01
8.733333333333341830e-01
8.800000000000004485e-01
8.866666666666677132e-01
8.933333333333328685e-01
8.999999999999991340e-01
8.999999999999991340e-01
9.066666666666663987e-01
9.133333333333338855e-01
9.133333333333338855e-01
9.133333333333338855e-01
9.133333333333338855e-01
9.200000000000011502e-01
9.200000000000011502e-01
9.266666666666671937e-01
9.266666666666671937e-01
9.266666666666671937e-01
9.333333333333324600e-01
9.333333333333324600e-01
9.399999999999996136e-01
9.466666666666659902e-01
9.466666666666659902e-01
9.533333333333332549e-01
9.533333333333332549e-01
9.600000000000007416e-01
9.600000000000007416e-01
9.600000000000007416e-01
9.600000000000007416e-01
9.666666666666666741e-01
9.666666666666666741e-01
9.666666666666666741e-01
9.666666666666666741e-01
9.666666666666666741e-01
9.666666666666666741e-01
9.733333333333341608e-01
9.733333333333341608e-01
9.799999999999990941e-01
9.799999999999990941e-01
9.799999999999990941e-01
9.799999999999990941e-01
9.799999999999990941e-01
9.866666666666662477e-01
9.866666666666662477e-01
9.866666666666662477e-01
9.866666666666662477e-01
9.866666666666662477e-01
9.866666666666662477e-01
9.866666666666662477e-01
9.866666666666662477e-01
9.933333333333327353e-01
1.000000000000000000e+00
1.000000000000000000e+00
