1.000000000000000000e+00
9.979959919839679339e-01
9.959919839679359788e-01
9.939879759519038016e-01
9.919839679358717355e-01
9.899799599198396693e-01
9.879759519038077142e-01
9.859719438877755371e-01
9.839679358717434710e-01
9.819639278557114048e-01
9.799599198396794497e-01
9.779559118236472726e-01
9.759519038076152064e-01
9.739478957915831403e-01
9.719438877755511852e-01
9.699398797595190080e-01
9.679358717434869419e-01
9.659318637274548758e-01
9.639278557114229207e-01
9.619238476953908545e-01
9.599198396793586774e-01
9.579158316633266113e-01
9.559118236472946561e-01
9.539078156312625900e-01
9.519038076152304129e-01
9.498997995991983467e-01
9.478957915831663916e-01
9.458917835671343255e-01
9.438877755511021483e-01
9.418837675350700822e-01
9.398797595190381271e-01
9.378757515030060610e-01
9.358717434869738838e-01
9.338677354709418177e-01
9.318637274549098626e-01
9.298597194388777964e-01
9.278557114228457303e-01
9.258517034068135532e-01
9.238476953907815981e-01
9.218436873747495319e-01
9.198396793587174658e-01
9.178356713426852886e-01
9.158316633266533335e-01
9.138276553106212674e-01
9.118236472945892013e-01
9.098196392785570241e-01
9.078156312625250690e-01
9.058116232464930029e-01
9.038076152304609368e-01
9.018036072144287596e-01
8.997995991983968045e-01
8.977955911823647384e-01
8.957915831663326722e-01
8.937875751503007171e-01
8.917835671342685400e-01
8.897795591182364738e-01
8.877755511022044077e-01
8.857715430861722306e-01
8.837675350701402754e-01
8.817635270541082093e-01
8.797595190380761432e-01
8.777555110220441881e-01
8.757515030060120109e-01
8.737474949899799448e-01
8.717434869739478787e-01
8.697394789579159236e-01
8.677354709418837464e-01
8.657314629258516803e-01
8.637274549098196141e-01
8.617234468937876590e-01
8.597194388777555929e-01
8.577154308617234157e-01
8.557114228456913496e-01
8.537074148296593945e-01
8.517034068136272174e-01
8.496993987975951512e-01
8.476953907815630851e-01
8.456913827655311300e-01
8.436873747494990639e-01
8.416833667334668867e-01
8.396793587174348206e-01
8.376753507014028655e-01
8.356713426853707993e-01
8.336673346693386222e-01
8.316633266533065560e-01
8.296593186372746009e-01
8.276553106212425348e-01
8.256513026052104687e-01
8.236472945891782915e-01
8.216432865731463364e-01
8.196392785571142703e-01
8.176352705410820931e-01
8.156312625250500270e-01
8.136272545090180719e-01
8.116232464929860058e-01
8.096192384769539396e-01
8.076152304609217625e-01
8.056112224448898074e-01
8.036072144288577412e-01
8.016032064128255641e-01
7.995991983967934980e-01
7.975951903807615428e-01
7.955911823647294767e-01
7.935871743486974106e-01
7.915831663326654555e-01
7.895791583166332783e-01
7.875751503006012122e-01
7.855711422845691461e-01
7.835671342685369689e-01
7.815631262525050138e-01
7.795591182364729477e-01
7.775551102204408815e-01
7.755511022044089264e-01
7.735470941883767493e-01
7.715430861723446831e-01
7.695390781563126170e-01
7.675350701402804399e-01
7.655310621242484848e-01
7.635270541082164186e-01
7.615230460921843525e-01
7.595190380761523974e-01
7.575150300601203313e-01
7.555110220440881541e-01
7.535070140280560880e-01
7.515030060120241329e-01
7.494989979959918447e-01
7.474949899799598896e-01
7.454909819639279345e-01
7.434869739478957573e-01
7.414829659318638022e-01
7.394789579158316251e-01
7.374749498997996700e-01
7.354709418837674928e-01
7.334669338677353156e-01
7.314629258517033605e-01
7.294589178356714054e-01
7.274549098196392283e-01
7.254509018036072732e-01
7.234468937875753181e-01
7.214428857715431409e-01
7.194388777555109638e-01
7.174348697394790086e-01
7.154308617234468315e-01
7.134268537074148764e-01
7.114228456913826992e-01
7.094188376753507441e-01
7.074148296593187890e-01
7.054108216432866119e-01
7.034068136272544347e-01
7.014028056112224796e-01
6.993987975951905245e-01
7.014028056112224796e-01
7.034068136272544347e-01
7.054108216432866119e-01
7.074148296593185670e-01
7.094188376753507441e-01
7.114228456913826992e-01
7.134268537074148764e-01
7.154308617234468315e-01
7.174348697394790086e-01
7.194388777555109638e-01
7.214428857715431409e-01
7.234468937875750960e-01
7.254509018036070511e-01
7.274549098196392283e-01
7.294589178356714054e-01
7.314629258517033605e-01
7.334669338677355377e-01
7.354709418837674928e-01
7.374749498997996700e-01
7.394789579158316251e-01
7.414829659318638022e-01
7.434869739478957573e-01
7.454909819639279345e-01
7.474949899799598896e-01
7.494989979959920667e-01
7.515030060120240218e-01
7.535070140280560880e-01
7.555110220440881541e-01
7.575150300601202202e-01
7.595190380761522864e-01
7.615230460921843525e-01
7.635270541082164186e-01
7.655310621242484848e-01
7.675350701402805509e-01
7.695390781563126170e-01
7.715430861723446831e-01
7.735470941883767493e-01
7.755511022044088154e-01
7.775551102204408815e-01
7.795591182364729477e-01
7.815631262525050138e-01
7.835671342685370799e-01
7.855711422845691461e-01
7.875751503006012122e-01
7.895791583166332783e-01
7.915831663326653445e-01
7.935871743486974106e-01
7.955911823647294767e-01
7.975951903807615428e-01
7.995991983967936090e-01
8.016032064128256751e-01
8.036072144288576302e-01
8.056112224448898074e-01
8.076152304609217625e-01
8.096192384769539396e-01
8.116232464929858947e-01
8.136272545090180719e-01
8.156312625250500270e-01
8.176352705410822042e-01
8.196392785571141593e-01
8.216432865731463364e-01
8.236472945891782915e-01
8.256513026052104687e-01
8.276553106212424238e-01
8.296593186372746009e-01
8.316633266533065560e-01
8.336673346693387332e-01
8.356713426853706883e-01
8.376753507014028655e-01
8.396793587174348206e-01
8.416833667334668867e-01
8.436873747494989528e-01
8.456913827655310190e-01
8.476953907815630851e-01
8.496993987975951512e-01
8.517034068136272174e-01
8.537074148296592835e-01
8.557114228456913496e-01
8.577154308617234157e-01
8.597194388777554819e-01
8.617234468937875480e-01
8.637274549098196141e-01
8.657314629258516803e-01
8.677354709418837464e-01
8.697394789579158125e-01
8.717434869739478787e-01
8.737474949899799448e-01
8.757515030060120109e-01
8.777555110220440771e-01
8.797595190380761432e-01
8.817635270541082093e-01
8.837675350701402754e-01
8.857715430861723416e-01
8.877755511022044077e-01
8.897795591182364738e-01
8.917835671342685400e-01
8.937875751503006061e-01
8.957915831663326722e-01
8.977955911823647384e-01
8.997995991983968045e-01
9.018036072144288706e-01
9.038076152304609368e-01
9.058116232464930029e-01
9.078156312625250690e-01
9.098196392785571351e-01
9.118236472945892013e-01
9.138276553106211564e-01
9.158316633266533335e-01
9.178356713426852886e-01
9.198396793587174658e-01
9.218436873747494209e-01
9.238476953907815981e-01
9.258517034068135532e-01
9.278557114228457303e-01
9.298597194388776854e-01
9.318637274549098626e-01
9.338677354709418177e-01
9.358717434869739948e-01
9.378757515030059499e-01
9.398797595190381271e-01
9.418837675350700822e-01
9.438877755511022594e-01
9.458917835671342145e-01
9.478957915831663916e-01
9.498997995991983467e-01
9.519038076152304129e-01
9.539078156312624790e-01
9.559118236472945451e-01
9.579158316633266113e-01
9.599198396793586774e-01
9.619238476953907435e-01
9.639278557114228096e-01
9.659318637274548758e-01
9.679358717434869419e-01
9.699398797595190080e-01
9.719438877755510742e-01
9.739478957915831403e-01
9.759519038076152064e-01
9.779559118236472726e-01
9.799599198396793387e-01
9.819639278557114048e-01
9.839679358717434710e-01
9.859719438877755371e-01
9.879759519038076032e-01
9.899799599198396693e-01
9.919839679358717355e-01
9.939879759519038016e-01
9.959919839679358677e-01
9.979959919839679339e-01
1.000000000000000000e+00
9.979959919839679339e-01
9.959919839679358677e-01
9.939879759519038016e-01
9.919839679358717355e-01
9.899799599198396693e-01
9.879759519038076032e-01
9.859719438877755371e-01
9.839679358717434710e-01
9.819639278557114048e-01
9.799599198396793387e-01
9.779559118236472726e-01
9.759519038076153175e-01
9.739478957915831403e-01
9.719438877755511852e-01
9.699398797595190080e-01
9.679358717434870529e-01
9.659318637274548758e-01
9.639278557114229207e-01
9.619238476953907435e-01
9.599198396793587884e-01
9.579158316633266113e-01
9.559118236472946561e-01
9.539078156312624790e-01
9.519038076152305239e-01
9.498997995991983467e-01
9.478957915831663916e-01
9.458917835671342145e-01
9.438877755511022594e-01
9.418837675350700822e-01
9.398797595190381271e-01
9.378757515030060610e-01
9.358717434869739948e-01
9.338677354709418177e-01
9.318637274549098626e-01
9.298597194388777964e-01
9.278557114228457303e-01
9.258517034068135532e-01
9.238476953907815981e-01
9.218436873747495319e-01
9.198396793587174658e-01
9.178356713426852886e-01
9.158316633266533335e-01
9.138276553106212674e-01
9.118236472945892013e-01
9.098196392785570241e-01
9.078156312625250690e-01
9.058116232464930029e-01
9.038076152304609368e-01
9.018036072144289816e-01
8.997995991983968045e-01
8.977955911823647384e-01
8.957915831663326722e-01
8.937875751503007171e-01
8.917835671342685400e-01
8.897795591182364738e-01
8.877755511022044077e-01
8.857715430861724526e-01
8.837675350701402754e-01
8.817635270541082093e-01
8.797595190380761432e-01
8.777555110220441881e-01
8.757515030060120109e-01
8.737474949899799448e-01
8.717434869739478787e-01
8.697394789579159236e-01
8.677354709418838574e-01
8.657314629258516803e-01
8.637274549098196141e-01
8.617234468937876590e-01
8.597194388777555929e-01
8.577154308617234157e-01
8.557114228456913496e-01
8.537074148296593945e-01
8.517034068136273284e-01
8.496993987975951512e-01
8.476953907815630851e-01
8.456913827655311300e-01
8.436873747494990639e-01
8.416833667334668867e-01
8.396793587174348206e-01
8.376753507014028655e-01
8.356713426853707993e-01
8.336673346693386222e-01
8.316633266533065560e-01
8.296593186372746009e-01
8.276553106212425348e-01
8.256513026052104687e-01
8.236472945891782915e-01
8.216432865731463364e-01
8.196392785571142703e-01
8.176352705410822042e-01
8.156312625250500270e-01
8.136272545090180719e-01
8.116232464929860058e-01
8.096192384769539396e-01
8.076152304609217625e-01
8.056112224448898074e-01
8.036072144288577412e-01
8.016032064128256751e-01
8.016032064128256751e-01
8.036072144288577412e-01
8.056112224448898074e-01
8.076152304609217625e-01
8.096192384769538286e-01
8.116232464929860058e-01
8.136272545090180719e-01
8.156312625250500270e-01
8.176352705410820931e-01
8.196392785571142703e-01
8.216432865731463364e-01
8.236472945891782915e-01
8.256513026052103577e-01
8.276553106212425348e-01
8.296593186372746009e-01
8.316633266533065560e-01
8.336673346693386222e-01
8.356713426853707993e-01
8.376753507014028655e-01
8.396793587174348206e-01
8.416833667334668867e-01
8.436873747494989528e-01
8.456913827655311300e-01
8.476953907815630851e-01
8.496993987975951512e-01
8.517034068136272174e-01
8.537074148296593945e-01
8.557114228456913496e-01
8.577154308617234157e-01
8.597194388777554819e-01
8.617234468937876590e-01
8.637274549098196141e-01
8.657314629258516803e-01
8.677354709418837464e-01
8.697394789579159236e-01
8.717434869739478787e-01
8.737474949899799448e-01
8.757515030060120109e-01
8.777555110220441881e-01
8.797595190380761432e-01
8.817635270541082093e-01
8.837675350701402754e-01
8.857715430861722306e-01
8.877755511022044077e-01
8.897795591182364738e-01
8.917835671342685400e-01
8.937875751503004951e-01
8.957915831663326722e-01
8.977955911823647384e-01
8.997995991983968045e-01
9.018036072144287596e-01
9.038076152304609368e-01
9.058116232464930029e-01
9.078156312625250690e-01
9.098196392785570241e-01
9.118236472945892013e-01
9.138276553106212674e-01
9.158316633266533335e-01
9.178356713426852886e-01
9.198396793587173548e-01
9.218436873747495319e-01
9.238476953907815981e-01
9.258517034068135532e-01
9.278557114228456193e-01
9.298597194388777964e-01
9.318637274549098626e-01
9.338677354709418177e-01
9.358717434869738838e-01
9.378757515030060610e-01
9.398797595190381271e-01
9.418837675350700822e-01
9.438877755511021483e-01
9.458917835671343255e-01
9.478957915831663916e-01
9.498997995991983467e-01
9.519038076152304129e-01
9.539078156312624790e-01
9.559118236472946561e-01
9.579158316633266113e-01
9.599198396793586774e-01
9.619238476953907435e-01
9.639278557114229207e-01
9.659318637274548758e-01
9.679358717434869419e-01
9.699398797595190080e-01
9.719438877755511852e-01
9.739478957915831403e-01
9.759519038076152064e-01
9.779559118236472726e-01
9.799599198396794497e-01
9.819639278557114048e-01
9.839679358717434710e-01
9.859719438877755371e-01
9.879759519038077142e-01
9.899799599198396693e-01
9.919839679358717355e-01
9.939879759519038016e-01
9.959919839679357567e-01
9.979959919839679339e-01
1.000000000000000000e+00
