1.000000000000000000e+00
9.955555555555551939e-01
9.908888888888882640e-01
9.875555555555551868e-01
9.846666666666663570e-01
9.775555555555548448e-01
9.753333333333327193e-01
9.706666666666660115e-01
9.688888888888886886e-01
9.671111111111106995e-01
9.659999999999996367e-01
9.593333333333328161e-01
9.575555555555550491e-01
9.502222222222216352e-01
9.495555555555550420e-01
9.437777777777772714e-01
9.437777777777774935e-01
9.315555555555553591e-01
9.302222222222219505e-01
9.315555555555551370e-01
9.293333333333325674e-01
9.202222222222219417e-01
9.246666666666660817e-01
9.197777777777773611e-01
9.075555555555553378e-01
9.059999999999999165e-01
8.973333333333330941e-01
8.926666666666663863e-01
8.908888888888882862e-01
8.959999999999997966e-01
8.893333333333330870e-01
8.788888888888886086e-01
8.795555555555555349e-01
8.775555555555554221e-01
8.795555555555553129e-01
8.717777777777773185e-01
8.704444444444442430e-01
8.526666666666667949e-01
8.615555555555554079e-01
8.546666666666665746e-01
8.535555555555552898e-01
8.544444444444441178e-01
8.428888888888887987e-01
8.402222222222220926e-01
8.415555555555555012e-01
8.419999999999997486e-01
8.373333333333333739e-01
8.384444444444442146e-01
8.224444444444444224e-01
8.235555555555557072e-01
8.268888888888887845e-01
8.233333333333334725e-01
8.259999999999999565e-01
8.182222222222224062e-01
8.162222222222220713e-01
8.195555555555555927e-01
8.124444444444444136e-01
8.099999999999997202e-01
8.059999999999999387e-01
8.006666666666663046e-01
8.022222222222222809e-01
7.986666666666666359e-01
8.073333333333330142e-01
8.022222222222221699e-01
8.019999999999999352e-01
7.884444444444443922e-01
7.946666666666668544e-01
8.011111111111109961e-01
8.026666666666665284e-01
7.968888888888889799e-01
8.008888888888887614e-01
7.953333333333332256e-01
7.971111111111106595e-01
7.906666666666662957e-01
7.939999999999995950e-01
7.937777777777779153e-01
7.913333333333334441e-01
7.922222222222221610e-01
7.955555555555555713e-01
7.939999999999999281e-01
7.915555555555553457e-01
7.931111111111109890e-01
7.926666666666668526e-01
7.926666666666668526e-01
7.924444444444443958e-01
7.864444444444446125e-01
7.944444444444442865e-01
7.948888888888887561e-01
8.022222222222219479e-01
7.973333333333333384e-01
7.862222222222221557e-01
7.948888888888889781e-01
7.915555555555557898e-01
7.922222222222221610e-01
8.011111111111108851e-01
8.033333333333332327e-01
8.033333333333331217e-01
8.013333333333331199e-01
8.031111111111109979e-01
7.937777777777779153e-01
8.084444444444442990e-01
8.006666666666666377e-01
8.142222222222220696e-01
8.082222222222221752e-01
8.111111111111106720e-01
8.122222222222221788e-01
8.124444444444440805e-01
8.166666666666665408e-01
8.131111111111111178e-01
8.191111111111107901e-01
8.155555555555552560e-01
8.177777777777776036e-01
8.199999999999997291e-01
8.211111111111110139e-01
8.182222222222221841e-01
8.293333333333329227e-01
8.299999999999998490e-01
8.326666666666666661e-01
8.346666666666662238e-01
8.395555555555554994e-01
8.313333333333331465e-01
8.295555555555551575e-01
8.397777777777778452e-01
8.468888888888891353e-01
8.382222222222220909e-01
8.333333333333334814e-01
8.406666666666664511e-01
8.417777777777775139e-01
8.471111111111109260e-01
8.446666666666662326e-01
8.535555555555554008e-01
8.553333333333335009e-01
8.493333333333330515e-01
8.568888888888887001e-01
8.617777777777778647e-01
8.673333333333332895e-01
8.693333333333331803e-01
8.686666666666661429e-01
8.715555555555551948e-01
8.711111111111108363e-01
8.719999999999998863e-01
8.751111111111106178e-01
8.704444444444442430e-01
8.857777777777774419e-01
8.804444444444441409e-01
8.802222222222220172e-01
8.802222222222216841e-01
8.886666666666666048e-01
8.906666666666666066e-01
8.926666666666663863e-01
8.959999999999994635e-01
8.977777777777775636e-01
8.984444444444440458e-01
9.033333333333329884e-01
9.051111111111107554e-01
9.026666666666663952e-01
9.046666666666663970e-01
9.106666666666660692e-01
9.097777777777774633e-01
9.166666666666662966e-01
9.164444444444440618e-01
9.095555555555550065e-01
9.175555555555551246e-01
9.217777777777774739e-01
9.275555555555554665e-01
9.239999999999998215e-01
9.355555555555552516e-01
9.299999999999996048e-01
9.302222222222217285e-01
9.331111111111108913e-01
9.393333333333327984e-01
9.382222222222220687e-01
9.379999999999995008e-01
9.384444444444439704e-01
9.471111111111109038e-01
9.386666666666663161e-01
9.446666666666662104e-01
9.557777777777771711e-01
9.493333333333328072e-01
9.539999999999992930e-01
9.542222222222220829e-01
9.566666666666663321e-01
9.602222222222218662e-01
9.591111111111110255e-01
9.651111111111105867e-01
9.664444444444439952e-01
9.675555555555555021e-01
9.675555555555555021e-01
9.731111111111107048e-01
9.728888888888884701e-01
9.759999999999992015e-01
9.779999999999994253e-01
9.797777777777774144e-01
9.808888888888881441e-01
9.882222222222215580e-01
9.853333333333330613e-01
9.893333333333326207e-01
9.915555555555550793e-01
9.957777777777774286e-01
9.922222222222216725e-01
9.886666666666664716e-01
9.897777777777769792e-01
9.824444444444437874e-01
9.795555555555549576e-01
9.744444444444438913e-01
9.697777777777772945e-01
9.682222222222219843e-01
9.662222222222215384e-01
9.593333333333327051e-01
9.579999999999995186e-01
9.557777777777772821e-01
9.515555555555552658e-01
9.493333333333331403e-01
9.446666666666659884e-01
9.471111111111106817e-01
9.362222222222219559e-01
9.333333333333330151e-01
9.373333333333330186e-01
9.288888888888884310e-01
9.288888888888883200e-01
9.175555555555551246e-01
9.128888888888887498e-01
9.137777777777776889e-01
9.126666666666664041e-01
9.088888888888888573e-01
9.084444444444441658e-01
9.046666666666663970e-01
9.057777777777776818e-01
8.939999999999997948e-01
8.937777777777777821e-01
8.888888888888887285e-01
8.873333333333330852e-01
8.771111111111109526e-01
8.808888888888886104e-01
8.757777777777776551e-01
8.711111111111108363e-01
8.619999999999997664e-01
8.646666666666665835e-01
8.508888888888889168e-01
8.522222222222223253e-01
8.586666666666665781e-01
8.486666666666665693e-01
8.386666666666665604e-01
8.277777777777777235e-01
8.315555555555556033e-01
8.257777777777774997e-01
8.004444444444444029e-01
8.102222222222225101e-01
8.104444444444444118e-01
8.182222222222221841e-01
8.224444444444443114e-01
8.322222222222223076e-01
8.320000000000000728e-01
8.424444444444444402e-01
8.386666666666667824e-01
8.464444444444443327e-01
8.608888888888885926e-01
8.604444444444445672e-01
8.635555555555552987e-01
8.655555555555554115e-01
8.671111111111110548e-01
8.742222222222220118e-01
8.766666666666664831e-01
8.744444444444441356e-01
8.813333333333334130e-01
8.862222222222219115e-01
8.871111111111109615e-01
8.846666666666664902e-01
8.953333333333328703e-01
9.004444444444442697e-01
9.093333333333327717e-01
9.066666666666666208e-01
9.139999999999999236e-01
9.168888888888886424e-01
9.164444444444440618e-01
9.217777777777772519e-01
9.268888888888886513e-01
9.244444444444437359e-01
9.286666666666661962e-01
9.322222222222218413e-01
9.399999999999993916e-01
9.366666666666659813e-01
9.415555555555552569e-01
9.468888888888882249e-01
9.506666666666664378e-01
9.493333333333329183e-01
9.533333333333326998e-01
9.597777777777771746e-01
9.642222222222216477e-01
9.662222222222217605e-01
9.684444444444437750e-01
9.744444444444438913e-01
9.791111111111102661e-01
9.824444444444436764e-01
9.799999999999993161e-01
9.864444444444437909e-01
9.904444444444436835e-01
9.946666666666662548e-01
1.000000000000000000e+00
1.000000000000000000e+00
