1.000000000000000000e+00
1.000000000000000000e+00
9.983333333333332948e-01
9.833333333333330595e-01
9.583333333333329263e-01
9.416666666666664298e-01
9.183333333333332238e-01
8.883333333333333082e-01
8.733333333333331838e-01
8.499999999999998668e-01
8.266666666666665497e-01
8.399999999999998579e-01
8.433333333333332682e-01
8.533333333333333881e-01
8.366666666666666696e-01
8.433333333333336013e-01
8.533333333333334991e-01
8.500000000000001998e-01
8.666666666666665853e-01
8.616666666666669139e-01
8.583333333333331705e-01
8.716666666666664787e-01
8.750000000000000000e-01
8.883333333333331971e-01
8.866666666666666030e-01
8.916666666666664964e-01
8.983333333333332060e-01
9.083333333333332149e-01
9.233333333333333393e-01
9.283333333333331217e-01
9.349999999999997202e-01
9.349999999999998312e-01
9.316666666666664209e-01
9.333333333333331261e-01
9.349999999999999423e-01
9.283333333333331217e-01
9.199999999999997069e-01
9.333333333333330151e-01
9.349999999999993872e-01
9.366666666666662033e-01
9.433333333333331350e-01
9.466666666666665453e-01
9.483333333333330284e-01
9.333333333333330151e-01
9.283333333333327886e-01
9.483333333333331394e-01
9.533333333333330328e-01
9.533333333333330328e-01
9.466666666666662122e-01
9.699999999999996403e-01
9.716666666666663454e-01
9.733333333333330506e-01
9.699999999999996403e-01
9.749999999999997558e-01
9.833333333333331705e-01
9.949999999999998845e-01
9.966666666666665897e-01
9.983333333333332948e-01
1.000000000000000000e+00
1.000000000000000000e+00
1.000000000000000000e+00
1.000000000000000000e+00
1.000000000000000000e+00
1.000000000000000000e+00
1.000000000000000000e+00
1.000000000000000000e+00
9.499999999999995115e-01
9.499999999999995115e-01
9.499999999999995115e-01
9.499999999999995115e-01
9.499999999999995115e-01
8.999999999999995781e-01
8.999999999999995781e-01
8.999999999999995781e-01
8.999999999999995781e-01
8.999999999999995781e-01
8.999999999999995781e-01
8.999999999999995781e-01
8.500000000000003109e-01
8.500000000000003109e-01
8.500000000000003109e-01
8.000000000000003775e-01
8.000000000000003775e-01
8.000000000000003775e-01
8.000000000000003775e-01
8.000000000000003775e-01
8.500000000000003109e-01
8.500000000000003109e-01
8.999999999999995781e-01
8.999999999999995781e-01
8.999999999999995781e-01
9.499999999999995115e-01
9.499999999999995115e-01
1.000000000000000000e+00
1.000000000000000000e+00
1.000000000000000000e+00
1.000000000000000000e+00
1.000000000000000000e+00
1.000000000000000000e+00
1.000000000000000000e+00
