0.000000000000000000e+00
6.122448979591837087e+03
1.224489795918367417e+04
1.836734693877551035e+04
2.448979591836734835e+04
3.061224489795918635e+04
3.673469387755102071e+04
4.285714285714286234e+04
4.897959183673469670e+04
5.510204081632653106e+04
6.122448979591837269e+04
6.734693877551020705e+04
7.346938775510204141e+04
7.959183673469387577e+04
8.571428571428572468e+04
9.183673469387755904e+04
9.795918367346939340e+04
1.040816326530612278e+05
1.102040816326530621e+05
1.163265306122449110e+05
1.224489795918367454e+05
1.285714285714285797e+05
1.346938775510204141e+05
1.408163265306122485e+05
1.469387755102040828e+05
1.530612244897959172e+05
1.591836734693877515e+05
1.653061224489796150e+05
1.714285714285714494e+05
1.775510204081632837e+05
1.836734693877551181e+05
1.897959183673469524e+05
1.959183673469387868e+05
2.020408163265306212e+05
2.081632653061224555e+05
2.142857142857142899e+05
2.204081632653061242e+05
2.265306122448979586e+05
2.326530612244898221e+05
2.387755102040816564e+05
2.448979591836734908e+05
2.510204081632653251e+05
2.571428571428571595e+05
2.632653061224489938e+05
2.693877551020408282e+05
2.755102040816326626e+05
2.816326530612244969e+05
2.877551020408163313e+05
2.938775510204081656e+05
3.000000000000000000e+05
