1.000000000000000056e-01
1.102040816326530642e-01
1.204081632653061229e-01
1.306122448979591955e-01
1.408163265306122403e-01
1.510204081632653128e-01
1.612244897959183576e-01
1.714285714285714302e-01
1.816326530612245027e-01
1.918367346938775475e-01
2.020408163265305923e-01
2.122448979591836649e-01
2.224489795918367374e-01
2.326530612244897822e-01
2.428571428571428548e-01
2.530612244897958996e-01
2.632653061224489721e-01
2.734693877551020447e-01
2.836734693877550617e-01
2.938775510204081343e-01
3.040816326530612068e-01
3.142857142857142794e-01
3.244897959183673519e-01
3.346938775510204245e-01
3.448979591836734970e-01
3.551020408163265696e-01
3.653061224489795311e-01
3.755102040816326037e-01
3.857142857142856762e-01
3.959183673469387488e-01
4.061224489795918213e-01
4.163265306122448939e-01
4.265306122448979664e-01
4.367346938775510390e-01
4.469387755102041115e-01
4.571428571428570731e-01
4.673469387755101456e-01
4.775510204081632182e-01
4.877551020408162907e-01
4.979591836734693633e-01
5.081632653061224358e-01
5.183673469387755084e-01
5.285714285714285809e-01
5.387755102040816535e-01
5.489795918367346150e-01
5.591836734693876876e-01
5.693877551020407601e-01
5.795918367346938327e-01
5.897959183673469052e-01
5.999999999999999778e-01
