1.000000000000000000e+00
1.000000000000000000e+00
9.916666666666666963e-01
9.766666666666665719e-01
9.533333333333332549e-01
9.316666666666664209e-01
9.233333333333331172e-01
8.983333333333333171e-01
8.833333333333333037e-01
8.699999999999998845e-01
8.516666666666665719e-01
8.583333333333335036e-01
8.516666666666666829e-01
8.416666666666666741e-01
8.449999999999999734e-01
8.416666666666667851e-01
8.450000000000000844e-01
8.383333333333332638e-01
8.383333333333333748e-01
8.400000000000003020e-01
8.433333333333331572e-01
8.583333333333330595e-01
8.550000000000002043e-01
8.633333333333333970e-01
8.749999999999997780e-01
8.816666666666665986e-01
8.583333333333336146e-01
8.699999999999999956e-01
8.916666666666668295e-01
9.033333333333335435e-01
9.116666666666665142e-01
9.199999999999998179e-01
9.283333333333331217e-01
9.416666666666665408e-01
9.466666666666665453e-01
9.366666666666663144e-01
9.266666666666665275e-01
9.366666666666662033e-01
9.316666666666663099e-01
9.299999999999996048e-01
9.566666666666666652e-01
9.616666666666664476e-01
9.499999999999998446e-01
9.466666666666664343e-01
9.366666666666663144e-01
9.566666666666663321e-01
9.466666666666662122e-01
9.483333333333329174e-01
9.349999999999998312e-01
9.583333333333329263e-01
9.649999999999997469e-01
9.699999999999996403e-01
9.633333333333331527e-01
9.783333333333332771e-01
9.866666666666665808e-01
9.933333333333332904e-01
1.000000000000000000e+00
1.000000000000000000e+00
1.000000000000000000e+00
1.000000000000000000e+00
1.000000000000000000e+00
1.000000000000000000e+00
1.000000000000000000e+00
1.000000000000000000e+00
1.000000000000000000e+00
1.000000000000000000e+00
9.499999999999995115e-01
9.499999999999995115e-01
9.499999999999995115e-01
9.499999999999995115e-01
9.499999999999995115e-01
8.999999999999995781e-01
8.999999999999995781e-01
8.999999999999995781e-01
8.999999999999995781e-01
8.999999999999995781e-01
8.999999999999995781e-01
8.999999999999995781e-01
8.500000000000003109e-01
8.500000000000003109e-01
8.500000000000003109e-01
8.000000000000003775e-01
8.000000000000003775e-01
8.000000000000003775e-01
8.000000000000003775e-01
8.000000000000003775e-01
8.500000000000003109e-01
8.500000000000003109e-01
8.999999999999995781e-01
8.999999999999995781e-01
8.999999999999995781e-01
9.499999999999995115e-01
9.499999999999995115e-01
1.000000000000000000e+00
1.000000000000000000e+00
1.000000000000000000e+00
1.000000000000000000e+00
1.000000000000000000e+00
1.000000000000000000e+00
1.000000000000000000e+00
