1.000000000000000000e+00
1.000000000000000000e+00
1.000000000000000000e+00
9.666666666666660079e-01
9.666666666666660079e-01
9.666666666666660079e-01
9.333333333333334592e-01
9.333333333333334592e-01
9.333333333333334592e-01
9.333333333333334592e-01
9.333333333333334592e-01
9.333333333333334592e-01
8.999999999999995781e-01
8.666666666666670293e-01
8.333333333333331483e-01
8.333333333333331483e-01
8.000000000000003775e-01
8.000000000000003775e-01
7.666666666666667185e-01
7.333333333333332815e-01
8.622222222222225563e-01
8.933333333333328685e-01
8.999999999999995781e-01
9.333333333333334592e-01
9.333333333333334592e-01
9.333333333333334592e-01
9.333333333333334592e-01
9.666666666666660079e-01
9.666666666666660079e-01
9.666666666666660079e-01
9.666666666666660079e-01
1.000000000000000000e+00
1.000000000000000000e+00
1.000000000000000000e+00
1.000000000000000000e+00
9.988888888888888262e-01
9.888888888888887063e-01
9.844444444444442333e-01
9.711111111111105920e-01
9.677777777777774038e-01
9.644444444444441045e-01
9.511111111111107963e-01
9.533333333333330328e-01
9.522222222222218591e-01
9.522222222222217480e-01
9.455555555555551495e-01
9.255555555555555758e-01
9.222222222222220545e-01
9.155555555555553449e-01
9.133333333333333304e-01
9.066666666666665098e-01
8.955555555555555491e-01
8.866666666666666030e-01
8.711111111111110583e-01
8.800000000000001155e-01
8.833333333333333037e-01
8.811111111111110672e-01
8.777777777777776569e-01
8.866666666666664920e-01
8.855555555555554292e-01
8.844444444444443665e-01
8.933333333333332016e-01
8.900000000000000133e-01
8.888888888888888395e-01
8.811111111111109562e-01
8.655555555555556335e-01
8.611111111111110494e-01
8.588888888888888129e-01
8.533333333333334991e-01
8.477777777777778523e-01
8.400000000000001910e-01
8.422222222222223165e-01
8.444444444444445530e-01
8.400000000000000799e-01
8.222222222222222987e-01
8.266666666666666607e-01
8.177777777777778256e-01
8.244444444444446463e-01
8.088888888888889905e-01
8.222222222222220767e-01
8.199999999999999512e-01
8.066666666666666430e-01
8.011111111111109961e-01
7.933333333333333348e-01
7.888888888888891948e-01
7.822222222222223742e-01
8.088888888888888795e-01
8.333333333333334814e-01
8.344444444444445441e-01
8.588888888888888129e-01
8.633333333333335080e-01
8.588888888888891460e-01
8.922222222222219168e-01
8.977777777777774526e-01
9.311111111111112226e-01
9.333333333333334592e-01
9.333333333333334592e-01
9.666666666666660079e-01
1.000000000000000000e+00
1.000000000000000000e+00
