0.000000000000000000e+00
1.010101010101005503e-02
2.020202020202022108e-02
3.030303030303027612e-02
4.040404040404033115e-02
5.050505050505049720e-02
6.060606060606055223e-02
7.070707070707060726e-02
8.080808080808077332e-02
9.090909090909082835e-02
1.010101010101011054e-01
1.111111111111111605e-01
1.212121212121212155e-01
1.313131313131313815e-01
1.414141414141414366e-01
1.515151515151514916e-01
1.616161616161616577e-01
1.717171717171717127e-01
1.818181818181817677e-01
1.919191919191919338e-01
2.020202020202019888e-01
2.121212121212120438e-01
2.222222222222223209e-01
2.323232323232323759e-01
2.424242424242425420e-01
2.525252525252525970e-01
2.626262626262626521e-01
2.727272727272728181e-01
2.828282828282828731e-01
2.929292929292929282e-01
3.030303030303030942e-01
3.131313131313131493e-01
3.232323232323232043e-01
3.333333333333333703e-01
3.434343434343434254e-01
3.535353535353534804e-01
3.636363636363636465e-01
3.737373737373738125e-01
3.838383838383838675e-01
3.939393939393939226e-01
4.040404040404040886e-01
4.141414141414141437e-01
4.242424242424241987e-01
4.343434343434343647e-01
4.444444444444445308e-01
4.545454545454545858e-01
4.646464646464646409e-01
4.747474747474748069e-01
4.848484848484848619e-01
4.949494949494949170e-01
4.949494949494949170e-01
4.848484848484848619e-01
4.747474747474748069e-01
4.646464646464646409e-01
4.545454545454544748e-01
4.444444444444444198e-01
4.343434343434343647e-01
4.242424242424241987e-01
4.141414141414141437e-01
4.040404040404040886e-01
3.939393939393939226e-01
3.838383838383837565e-01
3.737373737373737015e-01
3.636363636363636465e-01
3.535353535353534804e-01
3.434343434343434254e-01
3.333333333333333703e-01
3.232323232323232043e-01
3.131313131313131493e-01
3.030303030303030942e-01
2.929292929292929282e-01
2.828282828282828731e-01
2.727272727272728181e-01
2.626262626262625410e-01
2.525252525252524860e-01
2.424242424242423199e-01
2.323232323232322649e-01
2.222222222222222099e-01
2.121212121212120438e-01
2.020202020202019888e-01
1.919191919191919338e-01
1.818181818181817677e-01
1.717171717171717127e-01
1.616161616161616577e-01
1.515151515151514916e-01
1.414141414141414366e-01
1.313131313131313815e-01
1.212121212121212155e-01
1.111111111111110494e-01
1.010101010101008834e-01
9.090909090909082835e-02
8.080808080808077332e-02
7.070707070707060726e-02
6.060606060606055223e-02
5.050505050505049720e-02
4.040404040404033115e-02
3.030303030303027612e-02
2.020202020202022108e-02
1.010101010101005503e-02
0.000000000000000000e+00
