1.000000000000000000e+00
9.952777777777779278e-01
9.900000000000002132e-01
9.891666666666669716e-01
9.844444444444445663e-01
9.761111111111110406e-01
9.752777777777777990e-01
9.755555555555553982e-01
9.669444444444441622e-01
9.658333333333329884e-01
9.613888888888888484e-01
9.586111111111105254e-01
9.502777777777774437e-01
9.469444444444443665e-01
9.472222222222220767e-01
9.438888888888889994e-01
9.419444444444444731e-01
9.355555555555556957e-01
9.336111111111110583e-01
9.169444444444445619e-01
9.241666666666668029e-01
9.197222222222224408e-01
9.219444444444443443e-01
9.133333333333336634e-01
9.047222222222222054e-01
8.983333333333335391e-01
8.972222222222222543e-01
8.936111111111112448e-01
8.941666666666666652e-01
8.916666666666669405e-01
8.880555555555552649e-01
8.772222222222221255e-01
8.813888888888887774e-01
8.758333333333333526e-01
8.700000000000002176e-01
8.680555555555555802e-01
8.619444444444442910e-01
8.652777777777778123e-01
8.516666666666665719e-01
8.633333333333332860e-01
8.530555555555553449e-01
8.527777777777777457e-01
8.527777777777777457e-01
8.388888888888890172e-01
8.399999999999998579e-01
8.377777777777777324e-01
8.400000000000000799e-01
8.258333333333334192e-01
8.366666666666667806e-01
8.308333333333330906e-01
8.266666666666668828e-01
8.197222222222222410e-01
8.377777777777777324e-01
8.272222222222220811e-01
8.288888888888885642e-01
8.266666666666666607e-01
8.124999999999997780e-01
8.188888888888891104e-01
8.219444444444443665e-01
8.136111111111110628e-01
8.161111111111111205e-01
8.122222222222222898e-01
8.141666666666667052e-01
8.152777777777777679e-01
8.141666666666669272e-01
8.024999999999998801e-01
8.233333333333331394e-01
8.122222222222222898e-01
8.099999999999999423e-01
8.094444444444445219e-01
8.044444444444446285e-01
8.111111111111111160e-01
8.130555555555557534e-01
8.116666666666666474e-01
8.152777777777776569e-01
8.152777777777776569e-01
8.122222222222224008e-01
8.158333333333335213e-01
8.213888888888889461e-01
8.086111111111110583e-01
7.988888888888888706e-01
8.255555555555553759e-01
8.144444444444445264e-01
8.111111111111113381e-01
8.075000000000002176e-01
8.200000000000000622e-01
8.097222222222223431e-01
8.105555555555554736e-01
8.138888888888887729e-01
8.216666666666667673e-01
8.183333333333332460e-01
8.122222222222224008e-01
8.105555555555555847e-01
8.074999999999999956e-01
8.136111111111111738e-01
8.186111111111110672e-01
8.255555555555553759e-01
8.266666666666666607e-01
8.177777777777779367e-01
8.191666666666669316e-01
8.208333333333333037e-01
8.352777777777776747e-01
8.344444444444444331e-01
8.244444444444444242e-01
8.330555555555554381e-01
8.291666666666664964e-01
8.352777777777775636e-01
8.200000000000001732e-01
8.377777777777777324e-01
8.352777777777776747e-01
8.466666666666665675e-01
8.402777777777777901e-01
8.441666666666666208e-01
8.391666666666668384e-01
8.469444444444443887e-01
8.519444444444445041e-01
8.583333333333331705e-01
8.522222222222222143e-01
8.583333333333332815e-01
8.597222222222221655e-01
8.552777777777778034e-01
8.552777777777780255e-01
8.522222222222223253e-01
8.572222222222222188e-01
8.655555555555555225e-01
8.602777777777778079e-01
8.608333333333334503e-01
8.586111111111108807e-01
8.697222222222223964e-01
8.716666666666667007e-01
8.761111111111109517e-01
8.699999999999997735e-01
8.733333333333334059e-01
8.727777777777776524e-01
8.819444444444444198e-01
8.827777777777779944e-01
8.772222222222223476e-01
8.822222222222222410e-01
8.827777777777778834e-01
8.877777777777777768e-01
8.836111111111110139e-01
8.822222222222223520e-01
8.897222222222224142e-01
8.966666666666663899e-01
9.024999999999999689e-01
9.075000000000001954e-01
9.019444444444444375e-01
9.047222222222224275e-01
9.027777777777780122e-01
9.080555555555558378e-01
9.061111111111112004e-01
9.072222222222223742e-01
9.147222222222223253e-01
9.077777777777781276e-01
9.144444444444445041e-01
9.175000000000002043e-01
9.177777777777776924e-01
9.216666666666668561e-01
9.233333333333335613e-01
9.216666666666669672e-01
9.225000000000000977e-01
9.261111111111108851e-01
9.291666666666668073e-01
9.336111111111110583e-01
9.319444444444445752e-01
9.327777777777775947e-01
9.341666666666667007e-01
9.352777777777778745e-01
9.333333333333333481e-01
9.419444444444440290e-01
9.375000000000000000e-01
9.433333333333332460e-01
9.463888888888887241e-01
9.444444444444445308e-01
9.549999999999997380e-01
9.536111111111111871e-01
9.574999999999999067e-01
9.549999999999997380e-01
9.583333333333331483e-01
9.608333333333332060e-01
9.591666666666663899e-01
9.669444444444440512e-01
9.677777777777777368e-01
9.677777777777774038e-01
9.674999999999999156e-01
9.697222222222219301e-01
9.719444444444440556e-01
9.738888888888888040e-01
9.744444444444443354e-01
9.777777777777778567e-01
9.847222222222222765e-01
9.802777777777778034e-01
9.850000000000000977e-01
9.883333333333335080e-01
9.883333333333335080e-01
9.897222222222226140e-01
9.886111111111114402e-01
9.938888888888891548e-01
9.950000000000002176e-01
9.936111111111112226e-01
9.913888888888890971e-01
9.902777777777779233e-01
9.852777777777780299e-01
9.808333333333334458e-01
9.788888888888892525e-01
9.755555555555556202e-01
9.736111111111112049e-01
9.747222222222224897e-01
9.619444444444441578e-01
9.583333333333329263e-01
9.622222222222217569e-01
9.583333333333332593e-01
9.488888888888886708e-01
9.486111111111109606e-01
9.480555555555554292e-01
9.438888888888887774e-01
9.430555555555553138e-01
9.283333333333333437e-01
9.324999999999998845e-01
9.263888888888890394e-01
9.244444444444446241e-01
9.188888888888891993e-01
9.136111111111112626e-01
9.222222222222223875e-01
9.088888888888888573e-01
9.075000000000000844e-01
9.105555555555557845e-01
9.083333333333334370e-01
8.941666666666666652e-01
9.005555555555556646e-01
8.936111111111111338e-01
8.833333333333333037e-01
8.847222222222220767e-01
8.880555555555554870e-01
8.699999999999996625e-01
8.766666666666665941e-01
8.597222222222222765e-01
8.686111111111113336e-01
8.652777777777775903e-01
8.508333333333334414e-01
8.458333333333334370e-01
8.480555555555554514e-01
8.363888888888890705e-01
8.238888888888890039e-01
8.350000000000000755e-01
8.266666666666664387e-01
8.222222222222221877e-01
8.202777777777775503e-01
8.100000000000000533e-01
8.208333333333330817e-01
8.177777777777777146e-01
8.369444444444443798e-01
8.322222222222223076e-01
8.338888888888887907e-01
8.366666666666665586e-01
8.552777777777776924e-01
8.436111111111108674e-01
8.602777777777780299e-01
8.652777777777775903e-01
8.641666666666666385e-01
8.677777777777777590e-01
8.808333333333332460e-01
8.719444444444444109e-01
8.769444444444444153e-01
8.830555555555557046e-01
8.752777777777774881e-01
8.894444444444444819e-01
8.905555555555557667e-01
8.952777777777776169e-01
8.977777777777781187e-01
8.966666666666667229e-01
9.047222222222220944e-01
9.125000000000003109e-01
9.119444444444443354e-01
9.163888888888890305e-01
9.177777777777779145e-01
9.205555555555559044e-01
9.277777777777781454e-01
9.327777777777777057e-01
9.308333333333330684e-01
9.438888888888889994e-01
9.377777777777775992e-01
9.449999999999998401e-01
9.444444444444443088e-01
9.547222222222219168e-01
9.516666666666664387e-01
9.511111111111107963e-01
9.580555555555552161e-01
9.627777777777777324e-01
9.666666666666664520e-01
9.683333333333334902e-01
9.741666666666666252e-01
9.744444444444441134e-01
9.811111111111111560e-01
9.827777777777781942e-01
9.858333333333336723e-01
9.911111111111111649e-01
9.955555555555558600e-01
1.000000000000000000e+00
1.000000000000000000e+00
