-1.500000000000000000e+00
-1.484848484848484862e+00
-1.469696969696969724e+00
-1.454545454545454586e+00
-1.439393939393939448e+00
-1.424242424242424310e+00
-1.409090909090909172e+00
-1.393939393939394034e+00
-1.378787878787878896e+00
-1.363636363636363757e+00
-1.348484848484848397e+00
-1.333333333333333259e+00
-1.318181818181818121e+00
-1.303030303030302983e+00
-1.287878787878787845e+00
-1.272727272727272707e+00
-1.257575757575757569e+00
-1.242424242424242431e+00
-1.227272727272727293e+00
-1.212121212121212155e+00
-1.196969696969697017e+00
-1.181818181818181879e+00
-1.166666666666666519e+00
-1.151515151515151381e+00
-1.136363636363636243e+00
-1.121212121212121104e+00
-1.106060606060605966e+00
-1.090909090909090828e+00
-1.075757575757575690e+00
-1.060606060606060552e+00
-1.045454545454545414e+00
-1.030303030303030276e+00
-1.015151515151515138e+00
-1.000000000000000000e+00
-9.848484848484848619e-01
-9.696969696969697239e-01
-9.545454545454545858e-01
-9.393939393939393367e-01
-9.242424242424241987e-01
-9.090909090909090606e-01
-8.939393939393939226e-01
-8.787878787878787845e-01
-8.636363636363636465e-01
-8.484848484848485084e-01
-8.333333333333332593e-01
-8.181818181818181213e-01
-8.030303030303029832e-01
-7.878787878787878451e-01
-7.727272727272727071e-01
-7.575757575757575690e-01
-7.424242424242424310e-01
-7.272727272727272929e-01
-7.121212121212121549e-01
-6.969696969696969058e-01
-6.818181818181817677e-01
-6.666666666666666297e-01
-6.515151515151514916e-01
-6.363636363636363535e-01
-6.212121212121212155e-01
-6.060606060606060774e-01
-5.909090909090908283e-01
-5.757575757575756903e-01
-5.606060606060605522e-01
-5.454545454545454142e-01
-5.303030303030302761e-01
-5.151515151515151381e-01
-5.000000000000000000e-01
-4.848484848484848619e-01
-4.696969696969697239e-01
-4.545454545454545858e-01
-4.393939393939394478e-01
-4.242424242424243097e-01
-4.090909090909091717e-01
-3.939393939393938116e-01
-3.787878787878786735e-01
-3.636363636363635354e-01
-3.484848484848483974e-01
-3.333333333333332593e-01
-3.181818181818181213e-01
-3.030303030303029832e-01
-2.878787878787878451e-01
-2.727272727272727071e-01
-2.575757575757575690e-01
-2.424242424242424310e-01
-2.272727272727272929e-01
-2.121212121212121549e-01
-1.969696969696970168e-01
-1.818181818181818787e-01
-1.666666666666665186e-01
-1.515151515151513806e-01
-1.363636363636362425e-01
-1.212121212121211045e-01
-1.060606060606059664e-01
-9.090909090909082835e-02
-7.575757575757569029e-02
-6.060606060606055223e-02
-4.545454545454541417e-02
-3.030303030303027612e-02
-1.515151515151513806e-02
0.000000000000000000e+00
