1.000000000000000000e+00
1.000000000000000000e+00
1.000000000000000000e+00
1.000000000000000000e+00
9.899999999999999911e-01
9.899999999999999911e-01
9.099999999999999201e-01
8.900000000000000133e-01
8.800000000000001155e-01
8.699999999999998845e-01
8.599999999999999867e-01
8.300000000000000711e-01
8.400000000000000799e-01
8.499999999999999778e-01
8.400000000000000799e-01
8.099999999999999423e-01
8.299999999999998490e-01
8.000000000000000444e-01
7.900000000000000355e-01
8.000000000000000444e-01
8.099999999999999423e-01
8.099999999999999423e-01
8.400000000000000799e-01
8.400000000000000799e-01
8.499999999999999778e-01
8.400000000000000799e-01
8.499999999999999778e-01
8.499999999999999778e-01
8.699999999999998845e-01
9.199999999999999289e-01
9.299999999999999378e-01
9.499999999999999556e-01
9.499999999999999556e-01
9.600000000000001865e-01
9.700000000000000844e-01
9.700000000000000844e-01
9.399999999999998357e-01
9.099999999999999201e-01
9.099999999999999201e-01
9.199999999999999289e-01
9.299999999999999378e-01
9.599999999999999645e-01
9.599999999999999645e-01
9.599999999999999645e-01
9.599999999999999645e-01
9.699999999999999734e-01
9.800000000000000933e-01
9.599999999999999645e-01
9.399999999999998357e-01
9.499999999999999556e-01
9.599999999999999645e-01
9.499999999999999556e-01
9.599999999999999645e-01
9.599999999999999645e-01
9.599999999999999645e-01
9.800000000000000933e-01
1.000000000000000000e+00
1.000000000000000000e+00
1.000000000000000000e+00
1.000000000000000000e+00
1.000000000000000000e+00
1.000000000000000000e+00
1.000000000000000000e+00
1.000000000000000000e+00
1.000000000000000000e+00
1.000000000000000000e+00
9.499999999999999556e-01
9.499999999999999556e-01
9.499999999999999556e-01
9.499999999999999556e-01
9.499999999999999556e-01
9.000000000000000222e-01
9.000000000000000222e-01
9.000000000000000222e-01
9.000000000000000222e-01
9.000000000000000222e-01
9.000000000000000222e-01
9.000000000000000222e-01
8.499999999999999778e-01
8.499999999999999778e-01
8.499999999999999778e-01
8.000000000000000444e-01
8.000000000000000444e-01
8.000000000000000444e-01
8.000000000000000444e-01
8.000000000000000444e-01
8.499999999999999778e-01
8.499999999999999778e-01
9.000000000000000222e-01
9.000000000000000222e-01
9.000000000000000222e-01
9.499999999999999556e-01
9.499999999999999556e-01
1.000000000000000000e+00
1.000000000000000000e+00
1.000000000000000000e+00
1.000000000000000000e+00
1.000000000000000000e+00
1.000000000000000000e+00
1.000000000000000000e+00
