1.000000000000000000e+00
1.000000000000000000e+00
9.666666666666665630e-01
9.666666666666665630e-01
9.666666666666665630e-01
9.333333333333333481e-01
9.333333333333333481e-01
9.333333333333333481e-01
9.333333333333333481e-01
9.233333333333334503e-01
9.033333333333335435e-01
8.833333333333334147e-01
8.633333333333335080e-01
8.299999999999998490e-01
8.299999999999998490e-01
7.966666666666666341e-01
7.866666666666666252e-01
7.600000000000000089e-01
7.333333333333333925e-01
7.300000000000000933e-01
7.100000000000000755e-01
7.133333333333333748e-01
6.866666666666667584e-01
6.900000000000000577e-01
6.866666666666667584e-01
6.866666666666667584e-01
6.733333333333332282e-01
6.966666666666666563e-01
7.066666666666666652e-01
7.366666666666665808e-01
7.233333333333333837e-01
7.399999999999999911e-01
7.600000000000000089e-01
7.600000000000000089e-01
7.666666666666667185e-01
7.533333333333332993e-01
7.666666666666667185e-01
7.800000000000000266e-01
7.999999999999999334e-01
7.999999999999999334e-01
8.266666666666667718e-01
8.266666666666667718e-01
8.233333333333334725e-01
8.266666666666667718e-01
8.233333333333334725e-01
8.300000000000000711e-01
8.300000000000000711e-01
8.300000000000000711e-01
8.466666666666666785e-01
8.466666666666666785e-01
8.666666666666668073e-01
8.866666666666667140e-01
9.066666666666666208e-01
9.133333333333334414e-01
9.200000000000001510e-01
9.400000000000000577e-01
9.633333333333332638e-01
9.633333333333332638e-01
9.633333333333332638e-01
9.633333333333332638e-01
9.633333333333332638e-01
9.633333333333332638e-01
9.633333333333332638e-01
9.633333333333332638e-01
9.633333333333332638e-01
9.633333333333332638e-01
9.300000000000000488e-01
9.300000000000000488e-01
9.300000000000000488e-01
9.300000000000000488e-01
9.300000000000000488e-01
8.966666666666668339e-01
8.733333333333334059e-01
8.733333333333334059e-01
8.466666666666666785e-01
8.466666666666666785e-01
7.966666666666667451e-01
7.666666666666667185e-01
7.866666666666667362e-01
7.666666666666667185e-01
7.666666666666667185e-01
7.666666666666667185e-01
7.666666666666667185e-01
7.666666666666667185e-01
7.666666666666667185e-01
7.999999999999999334e-01
8.333333333333332593e-01
8.333333333333332593e-01
8.666666666666669183e-01
8.666666666666669183e-01
8.666666666666669183e-01
9.000000000000001332e-01
9.000000000000001332e-01
9.333333333333333481e-01
9.333333333333333481e-01
9.333333333333333481e-01
9.666666666666665630e-01
1.000000000000000000e+00
1.000000000000000000e+00
1.000000000000000000e+00
