-1.500000000000000000e+00
-1.494983277591973136e+00
-1.489966555183946495e+00
-1.484949832775919631e+00
-1.479933110367892990e+00
-1.474916387959866126e+00
-1.469899665551839485e+00
-1.464882943143812621e+00
-1.459866220735785980e+00
-1.454849498327759116e+00
-1.449832775919732475e+00
-1.444816053511705611e+00
-1.439799331103678970e+00
-1.434782608695652106e+00
-1.429765886287625465e+00
-1.424749163879598601e+00
-1.419732441471571960e+00
-1.414715719063545096e+00
-1.409698996655518455e+00
-1.404682274247491591e+00
-1.399665551839464950e+00
-1.394648829431438086e+00
-1.389632107023411445e+00
-1.384615384615384581e+00
-1.379598662207357940e+00
-1.374581939799331076e+00
-1.369565217391304435e+00
-1.364548494983277571e+00
-1.359531772575250930e+00
-1.354515050167224066e+00
-1.349498327759197203e+00
-1.344481605351170561e+00
-1.339464882943143920e+00
-1.334448160535117056e+00
-1.329431438127090193e+00
-1.324414715719063551e+00
-1.319397993311036910e+00
-1.314381270903010046e+00
-1.309364548494983183e+00
-1.304347826086956541e+00
-1.299331103678929678e+00
-1.294314381270903036e+00
-1.289297658862876172e+00
-1.284280936454849531e+00
-1.279264214046822667e+00
-1.274247491638796026e+00
-1.269230769230769162e+00
-1.264214046822742521e+00
-1.259197324414715657e+00
-1.254180602006689016e+00
-1.249163879598662152e+00
-1.244147157190635511e+00
-1.239130434782608647e+00
-1.234113712374582006e+00
-1.229096989966555142e+00
-1.224080267558528501e+00
-1.219063545150501637e+00
-1.214046822742474774e+00
-1.209030100334448132e+00
-1.204013377926421491e+00
-1.198996655518394627e+00
-1.193979933110367764e+00
-1.188963210702341122e+00
-1.183946488294314481e+00
-1.178929765886287617e+00
-1.173913043478260754e+00
-1.168896321070234112e+00
-1.163879598662207471e+00
-1.158862876254180607e+00
-1.153846153846153744e+00
-1.148829431438127102e+00
-1.143812709030100461e+00
-1.138795986622073597e+00
-1.133779264214046734e+00
-1.128762541806020092e+00
-1.123745819397993229e+00
-1.118729096989966587e+00
-1.113712374581939724e+00
-1.108695652173913082e+00
-1.103678929765886219e+00
-1.098662207357859577e+00
-1.093645484949832714e+00
-1.088628762541806072e+00
-1.083612040133779209e+00
-1.078595317725752567e+00
-1.073578595317725703e+00
-1.068561872909699062e+00
-1.063545150501672198e+00
-1.058528428093645335e+00
-1.053511705685618693e+00
-1.048494983277592052e+00
-1.043478260869565188e+00
-1.038461538461538325e+00
-1.033444816053511683e+00
-1.028428093645485042e+00
-1.023411371237458178e+00
-1.018394648829431315e+00
-1.013377926421404673e+00
-1.008361204013378032e+00
-1.003344481605351168e+00
-9.983277591973244158e-01
-9.933110367892976633e-01
-9.882943143812709108e-01
-9.832775919732441583e-01
-9.782608695652174058e-01
-9.732441471571906533e-01
-9.682274247491639008e-01
-9.632107023411371483e-01
-9.581939799331103957e-01
-9.531772575250836432e-01
-9.481605351170568907e-01
-9.431438127090301382e-01
-9.381270903010032747e-01
-9.331103678929765222e-01
-9.280936454849497697e-01
-9.230769230769230171e-01
-9.180602006688962646e-01
-9.130434782608695121e-01
-9.080267558528427596e-01
-9.030100334448160071e-01
-8.979933110367892546e-01
-8.929765886287625021e-01
-8.879598662207357496e-01
-8.829431438127089971e-01
-8.779264214046822445e-01
-8.729096989966554920e-01
-8.678929765886287395e-01
-8.628762541806019870e-01
-8.578595317725752345e-01
-8.528428093645484820e-01
-8.478260869565217295e-01
-8.428093645484949770e-01
-8.377926421404682245e-01
-8.327759197324414719e-01
-8.277591973244147194e-01
-8.227424749163879669e-01
-8.177257525083612144e-01
-8.127090301003344619e-01
-8.076923076923077094e-01
-8.026755852842809569e-01
-7.976588628762542044e-01
-7.926421404682274519e-01
-7.876254180602006993e-01
-7.826086956521739468e-01
-7.775919732441471943e-01
-7.725752508361203308e-01
-7.675585284280935783e-01
-7.625418060200668258e-01
-7.575250836120400733e-01
-7.525083612040133207e-01
-7.474916387959865682e-01
-7.424749163879598157e-01
-7.374581939799330632e-01
-7.324414715719063107e-01
-7.274247491638795582e-01
-7.224080267558528057e-01
-7.173913043478260532e-01
-7.123745819397993007e-01
-7.073578595317725481e-01
-7.023411371237457956e-01
-6.973244147157190431e-01
-6.923076923076922906e-01
-6.872909698996655381e-01
-6.822742474916387856e-01
-6.772575250836120331e-01
-6.722408026755852806e-01
-6.672240802675585281e-01
-6.622073578595317755e-01
-6.571906354515050230e-01
-6.521739130434782705e-01
-6.471571906354515180e-01
-6.421404682274247655e-01
-6.371237458193980130e-01
-6.321070234113712605e-01
-6.270903010033445080e-01
-6.220735785953177555e-01
-6.170568561872908919e-01
-6.120401337792641394e-01
-6.070234113712373869e-01
-6.020066889632106344e-01
-5.969899665551838819e-01
-5.919732441471571294e-01
-5.869565217391303769e-01
-5.819397993311036243e-01
-5.769230769230768718e-01
-5.719063545150501193e-01
-5.668896321070233668e-01
-5.618729096989966143e-01
-5.568561872909698618e-01
-5.518394648829431093e-01
-5.468227424749163568e-01
-5.418060200668896043e-01
-5.367892976588628517e-01
-5.317725752508360992e-01
-5.267558528428093467e-01
-5.217391304347825942e-01
-5.167224080267558417e-01
-5.117056856187290892e-01
-5.066889632107023367e-01
-5.016722408026755842e-01
-4.966555183946488317e-01
-4.916387959866219681e-01
-4.866220735785953266e-01
-4.816053511705684631e-01
-4.765886287625418216e-01
-4.715719063545149581e-01
-4.665551839464883166e-01
-4.615384615384614531e-01
-4.565217391304348116e-01
-4.515050167224079480e-01
-4.464882943143813065e-01
-4.414715719063544430e-01
-4.364548494983278015e-01
-4.314381270903009380e-01
-4.264214046822742965e-01
-4.214046822742474330e-01
-4.163879598662207915e-01
-4.113712374581939279e-01
-4.063545150501672865e-01
-4.013377926421404229e-01
-3.963210702341137814e-01
-3.913043478260869179e-01
-3.862876254180602764e-01
-3.812709030100334129e-01
-3.762541806020065493e-01
-3.712374581939799079e-01
-3.662207357859530443e-01
-3.612040133779264028e-01
-3.561872909698995393e-01
-3.511705685618728978e-01
-3.461538461538460343e-01
-3.411371237458193928e-01
-3.361204013377925293e-01
-3.311036789297658878e-01
-3.260869565217390242e-01
-3.210702341137123828e-01
-3.160535117056855192e-01
-3.110367892976588777e-01
-3.060200668896320142e-01
-3.010033444816053727e-01
-2.959866220735785092e-01
-2.909698996655518677e-01
-2.859531772575250042e-01
-2.809364548494983627e-01
-2.759197324414714991e-01
-2.709030100334448576e-01
-2.658862876254179941e-01
-2.608695652173913526e-01
-2.558528428093644891e-01
-2.508361204013378476e-01
-2.458193979933109841e-01
-2.408026755852843426e-01
-2.357859531772574790e-01
-2.307692307692308376e-01
-2.257525083612039740e-01
-2.207357859531773325e-01
-2.157190635451504690e-01
-2.107023411371236055e-01
-2.056856187290969640e-01
-2.006688963210701004e-01
-1.956521739130434590e-01
-1.906354515050165954e-01
-1.856187290969899539e-01
-1.806020066889630904e-01
-1.755852842809364489e-01
-1.705685618729095854e-01
-1.655518394648829439e-01
-1.605351170568560804e-01
-1.555183946488294389e-01
-1.505016722408025753e-01
-1.454849498327759338e-01
-1.404682274247490703e-01
-1.354515050167224288e-01
-1.304347826086955653e-01
-1.254180602006689238e-01
-1.204013377926420603e-01
-1.153846153846154188e-01
-1.103678929765885552e-01
-1.053511705685619138e-01
-1.003344481605350502e-01
-9.531772575250840873e-02
-9.030100334448154520e-02
-8.528428093645490371e-02
-8.026755852842804018e-02
-7.525083612040139869e-02
-7.023411371237453515e-02
-6.521739130434789367e-02
-6.020066889632103013e-02
-5.518394648829438864e-02
-5.016722408026752511e-02
-4.515050167224066158e-02
-4.013377926421402009e-02
-3.511705685618715655e-02
-3.010033444816051507e-02
-2.508361204013365153e-02
-2.006688963210701004e-02
-1.505016722408014651e-02
-1.003344481605350502e-02
-5.016722408026641489e-03
0.000000000000000000e+00
