1.000000000000000000e+00
9.961111111111111693e-01
9.888888888888891504e-01
9.883333333333332860e-01
9.816666666666666874e-01
9.827777777777774171e-01
9.794444444444445619e-01
9.727777777777776302e-01
9.761111111111109295e-01
9.599999999999999645e-01
9.627777777777776214e-01
9.566666666666666652e-01
9.599999999999999645e-01
9.511111111111109073e-01
9.533333333333333659e-01
9.488888888888888928e-01
9.411111111111111205e-01
9.327777777777777057e-01
9.344444444444445219e-01
9.283333333333334547e-01
9.294444444444444065e-01
9.272222222222221699e-01
9.105555555555555625e-01
9.227777777777779189e-01
9.077777777777779056e-01
9.111111111111112049e-01
9.077777777777779056e-01
8.961111111111111915e-01
9.005555555555556646e-01
8.961111111111111915e-01
8.972222222222224763e-01
8.983333333333336501e-01
9.061111111111112004e-01
8.850000000000001199e-01
8.688888888888890438e-01
8.777777777777779900e-01
8.811111111111111782e-01
8.688888888888890438e-01
8.594444444444446773e-01
8.688888888888890438e-01
8.466666666666666785e-01
8.477777777777779633e-01
8.555555555555557357e-01
8.499999999999999778e-01
8.533333333333334991e-01
8.311111111111113559e-01
8.338888888888890127e-01
8.511111111111112626e-01
8.466666666666666785e-01
8.294444444444446507e-01
8.383333333333334858e-01
8.338888888888890127e-01
8.205555555555557046e-01
8.238888888888891149e-01
8.105555555555558067e-01
8.172222222222224053e-01
8.166666666666669849e-01
8.177777777777780477e-01
8.205555555555557046e-01
8.133333333333336856e-01
8.005555555555557978e-01
8.116666666666668695e-01
8.094444444444445219e-01
8.233333333333335835e-01
7.972222222222222765e-01
7.977777777777779189e-01
8.216666666666668783e-01
8.005555555555556868e-01
8.127777777777780432e-01
8.094444444444446329e-01
8.072222222222225074e-01
8.044444444444446285e-01
8.072222222222225074e-01
8.088888888888889905e-01
8.111111111111114491e-01
7.955555555555557934e-01
8.038888888888889861e-01
7.927777777777780255e-01
7.888888888888890838e-01
8.038888888888889861e-01
8.100000000000001643e-01
7.883333333333335524e-01
8.000000000000001554e-01
7.888888888888889728e-01
8.011111111111113292e-01
8.000000000000001554e-01
8.022222222222223920e-01
7.988888888888892037e-01
7.966666666666667451e-01
8.044444444444446285e-01
7.994444444444446241e-01
7.911111111111113203e-01
8.011111111111113292e-01
7.994444444444447351e-01
8.000000000000001554e-01
8.000000000000000444e-01
8.000000000000000444e-01
7.983333333333335613e-01
7.961111111111113248e-01
8.016666666666669716e-01
8.022222222222223920e-01
8.061111111111112226e-01
8.105555555555558067e-01
8.083333333333333481e-01
8.144444444444445264e-01
8.005555555555556868e-01
8.144444444444447484e-01
8.144444444444447484e-01
8.327777777777779500e-01
8.105555555555558067e-01
8.244444444444447573e-01
8.322222222222224186e-01
8.305555555555557135e-01
8.372222222222223120e-01
8.188888888888889994e-01
8.177777777777779367e-01
8.322222222222224186e-01
8.377777777777778434e-01
8.494444444444445574e-01
8.288888888888890083e-01
8.522222222222224364e-01
8.394444444444445486e-01
8.555555555555557357e-01
8.372222222222223120e-01
8.322222222222224186e-01
8.477777777777777413e-01
8.550000000000002043e-01
8.477777777777779633e-01
8.561111111111111560e-01
8.511111111111112626e-01
8.644444444444447928e-01
8.483333333333333837e-01
8.583333333333333925e-01
8.605555555555556291e-01
8.805555555555558689e-01
8.716666666666667007e-01
8.638888888888891504e-01
8.927777777777778923e-01
8.822222222222222410e-01
8.816666666666668206e-01
8.794444444444445841e-01
8.861111111111112937e-01
8.933333333333335347e-01
8.883333333333334192e-01
8.827777777777778834e-01
8.883333333333334192e-01
8.938888888888889550e-01
8.877777777777777768e-01
8.955555555555557712e-01
9.000000000000000222e-01
9.066666666666666208e-01
9.138888888888889728e-01
9.066666666666668428e-01
9.050000000000000266e-01
9.044444444444446063e-01
9.155555555555554559e-01
9.066666666666668428e-01
9.083333333333334370e-01
9.277777777777777013e-01
9.277777777777777013e-01
9.161111111111113203e-01
9.250000000000001554e-01
9.194444444444445086e-01
9.122222222222223786e-01
9.205555555555557934e-01
9.266666666666667496e-01
9.233333333333334503e-01
9.261111111111111072e-01
9.305555555555556912e-01
9.366666666666667584e-01
9.427777777777777146e-01
9.522222222222220811e-01
9.461111111111112359e-01
9.494444444444445352e-01
9.505555555555554870e-01
9.527777777777778345e-01
9.477777777777778301e-01
9.455555555555555935e-01
9.466666666666665453e-01
9.577777777777777279e-01
9.544444444444444287e-01
9.533333333333331439e-01
9.666666666666664520e-01
9.633333333333334858e-01
9.611111111111110272e-01
9.700000000000000844e-01
9.638888888888889062e-01
9.688888888888887996e-01
9.716666666666666785e-01
9.722222222222220989e-01
9.711111111111108141e-01
9.783333333333332771e-01
9.849999999999997646e-01
9.861111111111110494e-01
9.866666666666665808e-01
9.888888888888889284e-01
9.872222222222223342e-01
9.938888888888890438e-01
9.950000000000001066e-01
9.905555555555556335e-01
9.844444444444443443e-01
9.861111111111110494e-01
9.772222222222222143e-01
9.766666666666665719e-01
9.777777777777776347e-01
9.677777777777777368e-01
9.633333333333332638e-01
9.661111111111109206e-01
9.611111111111110272e-01
9.605555555555553848e-01
9.538888888888887863e-01
9.511111111111109073e-01
9.466666666666665453e-01
9.405555555555557001e-01
9.333333333333333481e-01
9.355555555555555847e-01
9.350000000000001643e-01
9.188888888888889772e-01
9.272222222222221699e-01
9.227777777777778079e-01
9.255555555555556868e-01
9.244444444444445130e-01
9.050000000000002487e-01
9.072222222222224852e-01
9.022222222222223698e-01
9.027777777777779011e-01
9.038888888888891859e-01
8.950000000000001288e-01
8.844444444444444775e-01
8.838888888888890571e-01
8.883333333333336412e-01
8.911111111111111871e-01
8.661111111111112759e-01
8.877777777777777768e-01
8.794444444444445841e-01
8.700000000000001066e-01
8.655555555555556335e-01
8.561111111111113781e-01
8.650000000000002132e-01
8.683333333333335124e-01
8.522222222222224364e-01
8.450000000000000844e-01
8.283333333333334769e-01
8.133333333333336856e-01
8.211111111111113470e-01
8.200000000000000622e-01
8.033333333333334547e-01
8.100000000000001643e-01
8.161111111111113425e-01
8.066666666666668650e-01
8.116666666666668695e-01
8.300000000000002931e-01
8.355555555555558289e-01
8.366666666666668917e-01
8.527777777777778567e-01
8.627777777777779766e-01
8.605555555555556291e-01
8.500000000000001998e-01
8.733333333333334059e-01
8.583333333333336146e-01
8.777777777777778789e-01
8.733333333333336279e-01
8.716666666666668117e-01
8.766666666666669272e-01
8.827777777777778834e-01
8.911111111111112981e-01
8.822222222222224630e-01
8.988888888888888484e-01
8.955555555555555491e-01
9.033333333333335435e-01
9.016666666666667274e-01
8.988888888888888484e-01
9.155555555555556779e-01
9.200000000000001510e-01
9.205555555555555713e-01
9.161111111111110983e-01
9.283333333333334547e-01
9.305555555555555802e-01
9.305555555555555802e-01
9.333333333333332371e-01
9.277777777777778123e-01
9.355555555555555847e-01
9.461111111111110139e-01
9.355555555555555847e-01
9.488888888888886708e-01
9.455555555555553715e-01
9.588888888888886797e-01
9.549999999999998490e-01
9.655555555555555003e-01
9.672222222222220944e-01
9.699999999999997513e-01
9.755555555555556202e-01
9.733333333333333837e-01
9.855555555555554070e-01
9.849999999999999867e-01
9.866666666666665808e-01
9.938888888888890438e-01
9.944444444444444642e-01
1.000000000000000000e+00
1.000000000000000000e+00
