3.300000000000000155e-01
3.301811594202898603e-01
3.303623188405797051e-01
3.305434782608696054e-01
3.307246376811594502e-01
3.309057971014492949e-01
3.310869565217391397e-01
3.312681159420289845e-01
3.314492753623188848e-01
3.316304347826087295e-01
3.318115942028985743e-01
3.319927536231884191e-01
3.321739130434782639e-01
3.323550724637681086e-01
3.325362318840580089e-01
3.327173913043478537e-01
3.328985507246376985e-01
3.330797101449275432e-01
3.332608695652173880e-01
3.334420289855072883e-01
3.336231884057971331e-01
3.338043478260869779e-01
3.339855072463768226e-01
3.341666666666666674e-01
3.343478260869565677e-01
3.345289855072464125e-01
3.347101449275362572e-01
3.348913043478261020e-01
3.350724637681159468e-01
3.352536231884057916e-01
3.354347826086956919e-01
3.356159420289855366e-01
3.357971014492753814e-01
3.359782608695652262e-01
3.361594202898550710e-01
3.363405797101449712e-01
3.365217391304348160e-01
3.367028985507246608e-01
3.368840579710145056e-01
3.370652173913043503e-01
3.372463768115942506e-01
3.374275362318840954e-01
3.376086956521739402e-01
3.377898550724637849e-01
3.379710144927536297e-01
3.381521739130434745e-01
3.383333333333333748e-01
3.385144927536232196e-01
3.386956521739130643e-01
3.388768115942029091e-01
3.390579710144927539e-01
3.392391304347826542e-01
3.394202898550724989e-01
3.396014492753623437e-01
3.397826086956521885e-01
3.399637681159420333e-01
3.401449275362319336e-01
3.403260869565217783e-01
3.405072463768116231e-01
3.406884057971014679e-01
3.408695652173913127e-01
3.410507246376811574e-01
3.412318840579710577e-01
3.414130434782609025e-01
3.415942028985507473e-01
3.417753623188405920e-01
3.419565217391304368e-01
3.421376811594203371e-01
3.423188405797101819e-01
3.425000000000000266e-01
