1.000000000000000000e+00
1.000000000000000000e+00
9.666666666666666741e-01
9.646666666666666723e-01
9.579999999999999627e-01
9.246666666666659706e-01
9.213333333333325603e-01
9.086666666666660674e-01
8.986666666666662806e-01
8.926666666666662753e-01
8.739999999999993330e-01
8.540000000000000924e-01
8.326666666666666661e-01
8.153333333333333544e-01
8.120000000000000551e-01
7.933333333333333348e-01
7.860000000000000320e-01
7.726666666666665018e-01
7.566666666666665986e-01
7.586666666666664893e-01
7.466666666666667007e-01
7.506666666666668153e-01
7.506666666666664822e-01
7.606666666666664911e-01
7.639999999999997904e-01
7.633333333333329751e-01
7.593333333333334156e-01
7.686666666666667203e-01
7.713333333333334263e-01
7.846666666666667345e-01
7.886666666666666270e-01
8.046666666666663081e-01
8.186666666666666536e-01
8.273333333333332540e-01
8.253333333333331412e-01
8.253333333333333632e-01
8.300000000000001821e-01
8.353333333333331501e-01
8.373333333333329298e-01
8.406666666666666732e-01
8.553333333333331678e-01
8.553333333333331678e-01
8.626666666666664707e-01
8.666666666666665853e-01
8.733333333333332948e-01
8.893333333333329760e-01
8.926666666666662753e-01
8.919999999999995710e-01
8.953333333333332034e-01
9.046666666666660639e-01
9.166666666666662966e-01
9.259999999999993792e-01
9.313333333333331243e-01
9.366666666666665364e-01
9.499999999999997335e-01
9.599999999999999645e-01
9.726666666666667904e-01
9.786666666666669068e-01
9.826666666666667993e-01
9.860000000000000986e-01
9.913333333333333997e-01
9.946666666666666989e-01
9.966666666666667007e-01
9.993333333333334068e-01
1.000000000000000000e+00
1.000000000000000000e+00
9.666666666666666741e-01
9.666666666666666741e-01
9.666666666666666741e-01
9.666666666666666741e-01
9.666666666666666741e-01
9.333333333333324600e-01
9.333333333333324600e-01
9.333333333333324600e-01
8.999999999999991340e-01
8.999999999999991340e-01
8.999999999999991340e-01
8.999999999999991340e-01
8.666666666666670293e-01
8.666666666666670293e-01
7.666666666666662744e-01
7.666666666666662744e-01
7.666666666666662744e-01
7.666666666666662744e-01
7.666666666666662744e-01
7.999999999999997113e-01
8.333333333333335924e-01
8.333333333333335924e-01
8.666666666666670293e-01
8.666666666666670293e-01
8.666666666666670293e-01
8.999999999999991340e-01
8.999999999999991340e-01
9.333333333333324600e-01
9.333333333333324600e-01
9.333333333333324600e-01
9.666666666666666741e-01
1.000000000000000000e+00
1.000000000000000000e+00
1.000000000000000000e+00
