1.000000000000000000e+00
1.000000000000000000e+00
1.000000000000000000e+00
9.949999999999998845e-01
9.850000000000000977e-01
9.400000000000000577e-01
9.100000000000001421e-01
8.800000000000001155e-01
8.550000000000000933e-01
8.249999999999999556e-01
8.050000000000000488e-01
8.249999999999999556e-01
8.450000000000000844e-01
8.349999999999999645e-01
8.150000000000000577e-01
8.450000000000000844e-01
8.450000000000000844e-01
8.350000000000001865e-01
8.550000000000000933e-01
8.499999999999999778e-01
8.700000000000001066e-01
8.700000000000001066e-01
8.899999999999999023e-01
8.949999999999999067e-01
9.000000000000000222e-01
9.050000000000000266e-01
8.949999999999999067e-01
8.949999999999999067e-01
9.149999999999998135e-01
9.399999999999998357e-01
9.699999999999999734e-01
9.800000000000000933e-01
9.800000000000000933e-01
9.899999999999998801e-01
9.899999999999998801e-01
9.949999999999998845e-01
9.800000000000000933e-01
9.699999999999999734e-01
9.699999999999999734e-01
9.699999999999999734e-01
9.199999999999999289e-01
9.199999999999999289e-01
9.199999999999999289e-01
9.199999999999999289e-01
9.199999999999999289e-01
8.699999999999998845e-01
8.699999999999998845e-01
8.699999999999998845e-01
8.699999999999998845e-01
8.199999999999999512e-01
8.199999999999999512e-01
8.199999999999999512e-01
7.699999999999999067e-01
7.699999999999999067e-01
7.699999999999999067e-01
7.699999999999999067e-01
7.699999999999999067e-01
7.699999999999999067e-01
7.699999999999999067e-01
7.699999999999999067e-01
7.699999999999999067e-01
7.699999999999999067e-01
7.699999999999999067e-01
7.699999999999999067e-01
7.699999999999999067e-01
7.699999999999999067e-01
7.199999999999999734e-01
7.000000000000000666e-01
7.000000000000000666e-01
7.000000000000000666e-01
7.000000000000000666e-01
7.500000000000000000e-01
7.500000000000000000e-01
7.500000000000000000e-01
7.500000000000000000e-01
7.500000000000000000e-01
7.500000000000000000e-01
7.500000000000000000e-01
7.999999999999999334e-01
7.999999999999999334e-01
7.999999999999999334e-01
7.999999999999999334e-01
7.999999999999999334e-01
7.999999999999999334e-01
7.999999999999999334e-01
7.999999999999999334e-01
8.499999999999998668e-01
8.499999999999998668e-01
9.000000000000001332e-01
9.000000000000001332e-01
9.000000000000001332e-01
9.499999999999999556e-01
9.499999999999999556e-01
1.000000000000000000e+00
1.000000000000000000e+00
1.000000000000000000e+00
1.000000000000000000e+00
1.000000000000000000e+00
1.000000000000000000e+00
1.000000000000000000e+00
