1.000000000000000000e+00
1.000000000000000000e+00
9.899999999999999911e-01
9.699999999999996403e-01
9.549999999999998490e-01
9.199999999999998179e-01
9.033333333333329884e-01
8.833333333333331927e-01
8.599999999999999867e-01
8.416666666666667851e-01
8.300000000000001821e-01
8.233333333333333615e-01
8.300000000000001821e-01
8.300000000000000711e-01
8.149999999999999467e-01
8.216666666666669894e-01
8.300000000000001821e-01
8.400000000000000799e-01
8.399999999999999689e-01
8.399999999999999689e-01
8.466666666666671226e-01
8.566666666666667984e-01
8.799999999999996714e-01
8.916666666666663854e-01
8.916666666666667185e-01
8.966666666666666119e-01
8.899999999999997913e-01
9.016666666666661722e-01
9.216666666666663010e-01
9.283333333333330106e-01
9.366666666666663144e-01
9.283333333333331217e-01
9.349999999999999423e-01
9.349999999999998312e-01
9.316666666666664209e-01
9.416666666666663188e-01
9.416666666666663188e-01
9.483333333333331394e-01
9.466666666666665453e-01
9.283333333333331217e-01
9.416666666666664298e-01
9.433333333333332460e-01
9.449999999999998401e-01
9.399999999999997247e-01
9.416666666666664298e-01
9.549999999999997380e-01
9.499999999999997335e-01
9.483333333333329174e-01
9.466666666666662122e-01
9.599999999999996314e-01
9.683333333333330462e-01
9.683333333333330462e-01
9.716666666666664565e-01
9.866666666666664698e-01
9.916666666666665853e-01
9.933333333333332904e-01
9.933333333333332904e-01
9.966666666666665897e-01
1.000000000000000000e+00
1.000000000000000000e+00
1.000000000000000000e+00
1.000000000000000000e+00
1.000000000000000000e+00
1.000000000000000000e+00
1.000000000000000000e+00
1.000000000000000000e+00
9.499999999999995115e-01
9.499999999999995115e-01
9.499999999999995115e-01
9.499999999999995115e-01
9.499999999999995115e-01
8.999999999999995781e-01
8.999999999999995781e-01
8.999999999999995781e-01
8.999999999999995781e-01
8.999999999999995781e-01
8.999999999999995781e-01
8.999999999999995781e-01
8.500000000000003109e-01
8.500000000000003109e-01
8.500000000000003109e-01
8.000000000000003775e-01
8.000000000000003775e-01
8.000000000000003775e-01
8.000000000000003775e-01
8.000000000000003775e-01
8.500000000000003109e-01
8.500000000000003109e-01
8.999999999999995781e-01
8.999999999999995781e-01
8.999999999999995781e-01
9.499999999999995115e-01
9.499999999999995115e-01
1.000000000000000000e+00
1.000000000000000000e+00
1.000000000000000000e+00
1.000000000000000000e+00
1.000000000000000000e+00
1.000000000000000000e+00
1.000000000000000000e+00
