1.000000000000000000e+00
1.000000000000000000e+00
9.916666666666666963e-01
9.733333333333331616e-01
9.533333333333332549e-01
9.333333333333332371e-01
9.066666666666665098e-01
8.949999999999999067e-01
8.783333333333331883e-01
8.699999999999997735e-01
8.516666666666665719e-01
8.649999999999999911e-01
8.716666666666665897e-01
8.616666666666665808e-01
8.616666666666666918e-01
8.516666666666667940e-01
8.433333333333333792e-01
8.433333333333333792e-01
8.399999999999998579e-01
8.333333333333333703e-01
8.300000000000000711e-01
8.433333333333334902e-01
8.599999999999998757e-01
8.716666666666664787e-01
8.799999999999997824e-01
8.966666666666665009e-01
8.833333333333331927e-01
9.000000000000000222e-01
9.049999999999998046e-01
9.199999999999995959e-01
9.333333333333329040e-01
9.316666666666663099e-01
9.349999999999997202e-01
9.483333333333330284e-01
9.399999999999997247e-01
9.333333333333331261e-01
9.199999999999997069e-01
9.366666666666664254e-01
9.349999999999997202e-01
9.349999999999994982e-01
9.416666666666664298e-01
9.466666666666665453e-01
9.466666666666664343e-01
9.433333333333330240e-01
9.433333333333330240e-01
9.566666666666664431e-01
9.483333333333329174e-01
9.483333333333329174e-01
9.433333333333330240e-01
9.633333333333330417e-01
9.683333333333331572e-01
9.666666666666663410e-01
9.733333333333330506e-01
9.783333333333331661e-01
9.883333333333332860e-01
9.916666666666666963e-01
1.000000000000000000e+00
1.000000000000000000e+00
1.000000000000000000e+00
1.000000000000000000e+00
1.000000000000000000e+00
1.000000000000000000e+00
1.000000000000000000e+00
1.000000000000000000e+00
1.000000000000000000e+00
1.000000000000000000e+00
9.499999999999995115e-01
9.499999999999995115e-01
9.499999999999995115e-01
9.499999999999995115e-01
9.499999999999995115e-01
8.999999999999995781e-01
8.999999999999995781e-01
8.999999999999995781e-01
8.999999999999995781e-01
8.999999999999995781e-01
8.999999999999995781e-01
8.999999999999995781e-01
8.500000000000003109e-01
8.500000000000003109e-01
8.500000000000003109e-01
8.000000000000003775e-01
8.000000000000003775e-01
8.000000000000003775e-01
8.000000000000003775e-01
8.000000000000003775e-01
8.500000000000003109e-01
8.500000000000003109e-01
8.999999999999995781e-01
8.999999999999995781e-01
8.999999999999995781e-01
9.499999999999995115e-01
9.499999999999995115e-01
1.000000000000000000e+00
1.000000000000000000e+00
1.000000000000000000e+00
1.000000000000000000e+00
1.000000000000000000e+00
1.000000000000000000e+00
1.000000000000000000e+00
