8.000000000000000000e+04
8.064102564102564065e+04
8.128205128205128131e+04
8.192307692307692196e+04
8.256410256410256261e+04
8.320512820512820326e+04
8.384615384615384392e+04
8.448717948717948457e+04
8.512820512820512522e+04
8.576923076923076587e+04
8.641025641025640653e+04
8.705128205128204718e+04
8.769230769230768783e+04
8.833333333333332848e+04
8.897435897435896914e+04
8.961538461538460979e+04
9.025641025641025044e+04
9.089743589743589109e+04
9.153846153846153175e+04
9.217948717948718695e+04
9.282051282051281305e+04
9.346153846153846825e+04
9.410256410256409436e+04
9.474358974358974956e+04
9.538461538461537566e+04
9.602564102564103086e+04
9.666666666666665697e+04
9.730769230769231217e+04
9.794871794871795282e+04
9.858974358974359347e+04
9.923076923076923413e+04
9.987179487179487478e+04
1.005128205128205154e+05
1.011538461538461561e+05
1.017948717948717967e+05
1.024358974358974374e+05
1.030769230769230780e+05
1.037179487179487187e+05
1.043589743589743593e+05
1.050000000000000000e+05
