3.300000000000000155e-01
3.303205128205128349e-01
3.306410256410256543e-01
3.309615384615384737e-01
3.312820512820512930e-01
3.316025641025641124e-01
3.319230769230769318e-01
3.322435897435897512e-01
3.325641025641025705e-01
3.328846153846153899e-01
3.332051282051282093e-01
3.335256410256410287e-01
3.338461538461538480e-01
3.341666666666666674e-01
3.344871794871794868e-01
3.348076923076923062e-01
3.351282051282051255e-01
3.354487179487179449e-01
3.357692307692307643e-01
3.360897435897435837e-01
3.364102564102564585e-01
3.367307692307692779e-01
3.370512820512820973e-01
3.373717948717949167e-01
3.376923076923077360e-01
3.380128205128205554e-01
3.383333333333333748e-01
3.386538461538461942e-01
3.389743589743590135e-01
3.392948717948718329e-01
3.396153846153846523e-01
3.399358974358974717e-01
3.402564102564102910e-01
3.405769230769231104e-01
3.408974358974359298e-01
3.412179487179487491e-01
3.415384615384615685e-01
3.418589743589743879e-01
3.421794871794872073e-01
3.425000000000000266e-01
