1.000000000000000000e+00
1.005012531328320691e+00
1.010025062656641603e+00
1.015037593984962516e+00
1.020050125313283207e+00
1.025062656641603898e+00
1.030075187969924810e+00
1.035087719298245723e+00
1.040100250626566414e+00
1.045112781954887105e+00
1.050125313283208017e+00
1.055137844611528930e+00
1.060150375939849621e+00
1.065162907268170311e+00
1.070175438596491224e+00
1.075187969924812137e+00
1.080200501253132828e+00
1.085213032581453518e+00
1.090225563909774431e+00
1.095238095238095344e+00
1.100250626566416035e+00
1.105263157894736725e+00
1.110275689223057638e+00
1.115288220551378551e+00
1.120300751879699241e+00
1.125313283208019932e+00
1.130325814536340845e+00
1.135338345864661758e+00
1.140350877192982448e+00
1.145363408521303139e+00
1.150375939849624052e+00
1.155388471177944965e+00
1.160401002506265655e+00
1.165413533834586346e+00
1.170426065162907259e+00
1.175438596491228171e+00
1.180451127819548862e+00
1.185463659147869553e+00
1.190476190476190466e+00
1.195488721804511378e+00
1.200501253132832069e+00
1.205513784461152760e+00
1.210526315789473673e+00
1.215538847117794585e+00
1.220551378446115276e+00
1.225563909774435967e+00
1.230576441102756879e+00
1.235588972431077792e+00
1.240601503759398483e+00
1.245614035087719174e+00
1.250626566416040086e+00
1.255639097744360999e+00
1.260651629072681690e+00
1.265664160401002380e+00
1.270676691729323293e+00
1.275689223057644206e+00
1.280701754385964897e+00
1.285714285714285587e+00
1.290726817042606500e+00
1.295739348370927413e+00
1.300751879699248104e+00
1.305764411027568794e+00
1.310776942355889707e+00
1.315789473684210620e+00
1.320802005012531311e+00
1.325814536340852001e+00
1.330827067669172914e+00
1.335839598997493827e+00
1.340852130325814517e+00
1.345864661654135208e+00
1.350877192982456121e+00
1.355889724310777034e+00
1.360902255639097724e+00
1.365914786967418415e+00
1.370927318295739328e+00
1.375939849624060241e+00
1.380952380952380931e+00
1.385964912280701622e+00
1.390977443609022535e+00
1.395989974937343447e+00
1.401002506265664138e+00
1.406015037593984829e+00
1.411027568922305742e+00
1.416040100250626654e+00
1.421052631578947345e+00
1.426065162907268036e+00
1.431077694235588949e+00
1.436090225563909861e+00
1.441102756892230552e+00
1.446115288220551243e+00
1.451127819548872155e+00
1.456140350877193068e+00
1.461152882205513759e+00
1.466165413533834450e+00
1.471177944862155362e+00
1.476190476190476275e+00
1.481203007518796966e+00
1.486215538847117656e+00
1.491228070175438569e+00
1.496240601503759482e+00
1.501253132832080173e+00
1.506265664160400863e+00
1.511278195488721776e+00
1.516290726817042689e+00
1.521303258145363380e+00
1.526315789473684070e+00
1.531328320802004983e+00
1.536340852130325896e+00
1.541353383458646586e+00
1.546365914786967277e+00
1.551378446115288190e+00
1.556390977443609103e+00
1.561403508771929793e+00
1.566416040100250484e+00
1.571428571428571397e+00
1.576441102756892310e+00
1.581453634085213000e+00
1.586466165413533691e+00
1.591478696741854604e+00
1.596491228070175517e+00
1.601503759398496207e+00
1.606516290726816898e+00
1.611528822055137811e+00
1.616541353383458723e+00
1.621553884711779414e+00
1.626566416040100105e+00
1.631578947368421018e+00
1.636591478696741930e+00
1.641604010025062621e+00
1.646616541353383312e+00
1.651629072681704224e+00
1.656641604010025137e+00
1.661654135338345828e+00
1.666666666666666519e+00
1.671679197994987431e+00
1.676691729323308344e+00
1.681704260651629035e+00
1.686716791979949726e+00
1.691729323308270638e+00
1.696741854636591551e+00
1.701754385964912242e+00
1.706766917293232932e+00
1.711779448621553845e+00
1.716791979949874758e+00
1.721804511278195449e+00
1.726817042606516139e+00
1.731829573934837052e+00
1.736842105263157965e+00
1.741854636591478656e+00
1.746867167919799346e+00
1.751879699248120259e+00
1.756892230576441172e+00
1.761904761904761862e+00
1.766917293233082553e+00
1.771929824561403466e+00
1.776942355889724379e+00
1.781954887218045069e+00
1.786967418546365760e+00
1.791979949874686673e+00
1.796992481203007586e+00
1.802005012531328276e+00
1.807017543859648967e+00
1.812030075187969880e+00
1.817042606516290792e+00
1.822055137844611483e+00
1.827067669172932174e+00
1.832080200501253087e+00
1.837092731829573999e+00
1.842105263157894690e+00
1.847117794486215381e+00
1.852130325814536294e+00
1.857142857142857206e+00
1.862155388471177897e+00
1.867167919799498588e+00
1.872180451127819500e+00
1.877192982456140413e+00
1.882205513784461104e+00
1.887218045112781795e+00
1.892230576441102707e+00
1.897243107769423620e+00
1.902255639097744311e+00
1.907268170426065002e+00
1.912280701754385914e+00
1.917293233082706827e+00
1.922305764411027518e+00
1.927318295739348208e+00
1.932330827067669121e+00
1.937343358395990034e+00
1.942355889724310725e+00
1.947368421052631415e+00
1.952380952380952328e+00
1.957393483709273241e+00
1.962406015037593932e+00
1.967418546365914622e+00
1.972431077694235535e+00
1.977443609022556448e+00
1.982456140350877138e+00
1.987468671679197829e+00
1.992481203007518742e+00
1.997493734335839655e+00
2.002506265664160345e+00
2.007518796992481036e+00
2.012531328320801727e+00
2.017543859649122862e+00
2.022556390977443552e+00
2.027568922305764243e+00
2.032581453634085378e+00
2.037593984962406068e+00
2.042606516290726759e+00
2.047619047619047450e+00
2.052631578947368141e+00
2.057644110275689275e+00
2.062656641604009966e+00
2.067669172932330657e+00
2.072681704260651792e+00
2.077694235588972482e+00
2.082706766917293173e+00
2.087719298245613864e+00
2.092731829573934554e+00
2.097744360902255689e+00
2.102756892230576380e+00
2.107769423558897071e+00
2.112781954887218205e+00
2.117794486215538896e+00
2.122807017543859587e+00
2.127819548872180277e+00
2.132832080200500968e+00
2.137844611528822103e+00
2.142857142857142794e+00
2.147869674185463484e+00
2.152882205513784619e+00
2.157894736842105310e+00
2.162907268170426001e+00
2.167919799498746691e+00
2.172932330827067382e+00
2.177944862155388517e+00
2.182957393483709208e+00
2.187969924812029898e+00
2.192982456140351033e+00
2.197994987468671724e+00
2.203007518796992414e+00
2.208020050125313105e+00
2.213032581453633796e+00
2.218045112781954931e+00
2.223057644110275621e+00
2.228070175438596312e+00
2.233082706766917447e+00
2.238095238095238138e+00
2.243107769423558828e+00
2.248120300751879519e+00
2.253132832080200210e+00
2.258145363408521344e+00
2.263157894736842035e+00
2.268170426065162726e+00
2.273182957393483861e+00
2.278195488721804551e+00
2.283208020050125242e+00
2.288220551378445933e+00
2.293233082706766623e+00
2.298245614035087758e+00
2.303258145363408449e+00
2.308270676691729140e+00
2.313283208020050274e+00
2.318295739348370965e+00
2.323308270676691656e+00
2.328320802005012347e+00
2.333333333333333037e+00
2.338345864661654172e+00
2.343358395989974863e+00
2.348370927318295553e+00
2.353383458646616688e+00
2.358395989974937379e+00
2.363408521303258070e+00
2.368421052631578760e+00
2.373433583959899451e+00
2.378446115288220586e+00
2.383458646616541277e+00
2.388471177944861967e+00
2.393483709273183102e+00
2.398496240601503793e+00
2.403508771929824483e+00
2.408521303258145174e+00
2.413533834586465865e+00
2.418546365914787000e+00
2.423558897243107690e+00
2.428571428571428381e+00
2.433583959899749516e+00
2.438596491228070207e+00
2.443609022556390897e+00
2.448621553884711588e+00
2.453634085213032279e+00
2.458646616541353414e+00
2.463659147869674104e+00
2.468671679197994795e+00
2.473684210526315930e+00
2.478696741854636620e+00
2.483709273182957311e+00
2.488721804511278002e+00
2.493734335839598693e+00
2.498746867167919827e+00
2.503759398496240518e+00
2.508771929824561209e+00
2.513784461152882344e+00
2.518796992481203034e+00
2.523809523809523725e+00
2.528822055137844416e+00
2.533834586466165106e+00
2.538847117794486241e+00
2.543859649122806932e+00
2.548872180451127623e+00
2.553884711779448757e+00
2.558897243107769448e+00
2.563909774436090139e+00
2.568922305764410829e+00
2.573934837092731520e+00
2.578947368421052655e+00
2.583959899749373346e+00
2.588972431077694036e+00
2.593984962406015171e+00
2.598997493734335862e+00
2.604010025062656553e+00
2.609022556390977243e+00
2.614035087719297934e+00
2.619047619047619069e+00
2.624060150375939759e+00
2.629072681704260450e+00
2.634085213032581585e+00
2.639097744360902276e+00
2.644110275689222966e+00
2.649122807017543657e+00
2.654135338345864348e+00
2.659147869674185483e+00
2.664160401002506173e+00
2.669172932330826864e+00
2.674185463659147999e+00
2.679197994987468689e+00
2.684210526315789380e+00
2.689223057644110071e+00
2.694235588972430762e+00
2.699248120300751896e+00
2.704260651629072587e+00
2.709273182957393278e+00
2.714285714285714413e+00
2.719298245614035103e+00
2.724310776942355794e+00
2.729323308270676485e+00
2.734335839598997175e+00
2.739348370927318310e+00
2.744360902255639001e+00
2.749373433583959692e+00
2.754385964912280826e+00
2.759398496240601517e+00
2.764411027568922208e+00
2.769423558897242899e+00
2.774436090225563589e+00
2.779448621553884724e+00
2.784461152882205415e+00
2.789473684210526105e+00
2.794486215538847240e+00
2.799498746867167931e+00
2.804511278195488622e+00
2.809523809523809312e+00
2.814536340852130003e+00
2.819548872180451138e+00
2.824561403508771829e+00
2.829573934837092519e+00
2.834586466165413654e+00
2.839598997493734345e+00
2.844611528822055035e+00
2.849624060150375726e+00
2.854636591478696417e+00
2.859649122807017552e+00
2.864661654135338242e+00
2.869674185463658933e+00
2.874686716791980068e+00
2.879699248120300759e+00
2.884711779448621449e+00
2.889724310776942140e+00
2.894736842105262831e+00
2.899749373433583965e+00
2.904761904761904656e+00
2.909774436090225347e+00
2.914786967418546482e+00
2.919799498746867172e+00
2.924812030075187863e+00
2.929824561403508554e+00
2.934837092731829244e+00
2.939849624060150379e+00
2.944862155388471070e+00
2.949874686716791761e+00
2.954887218045112895e+00
2.959899749373433586e+00
2.964912280701754277e+00
2.969924812030074968e+00
2.974937343358395658e+00
2.979949874686716793e+00
2.984962406015037484e+00
2.989974937343358175e+00
2.994987468671679309e+00
3.000000000000000000e+00
