1.000000000000000000e+00
9.974937343358396546e-01
9.949874686716791983e-01
9.924812030075187419e-01
9.899749373433583965e-01
9.874686716791980512e-01
9.849624060150375948e-01
9.824561403508771384e-01
9.799498746867167931e-01
9.774436090225564477e-01
9.749373433583959914e-01
9.724310776942355350e-01
9.699248120300751896e-01
9.674185463659148443e-01
9.649122807017543879e-01
9.624060150375939315e-01
9.598997493734335862e-01
9.573934837092732408e-01
9.548872180451127845e-01
9.523809523809523281e-01
9.498746867167919827e-01
9.473684210526316374e-01
9.448621553884711810e-01
9.423558897243107246e-01
9.398496240601503793e-01
9.373433583959900339e-01
9.348370927318295776e-01
9.323308270676691212e-01
9.298245614035087758e-01
9.273182957393484305e-01
9.248120300751879741e-01
9.223057644110275177e-01
9.197994987468671724e-01
9.172932330827068270e-01
9.147869674185463706e-01
9.122807017543859143e-01
9.097744360902255689e-01
9.072681704260652236e-01
9.047619047619047672e-01
9.022556390977443108e-01
8.997493734335839655e-01
8.972431077694236201e-01
8.947368421052631637e-01
8.922305764411027074e-01
8.897243107769423620e-01
8.872180451127820167e-01
8.847117794486215603e-01
8.822055137844611039e-01
8.796992481203007586e-01
8.771929824561404132e-01
8.746867167919799568e-01
8.721804511278195005e-01
8.696741854636591551e-01
8.671679197994988098e-01
8.646616541353383534e-01
8.621553884711778970e-01
8.596491228070175517e-01
8.571428571428572063e-01
8.546365914786967499e-01
8.521303258145362935e-01
8.496240601503759482e-01
8.471177944862156028e-01
8.446115288220551465e-01
8.421052631578946901e-01
8.395989974937343447e-01
8.370927318295739994e-01
8.345864661654135430e-01
8.320802005012530866e-01
8.295739348370927413e-01
8.270676691729323959e-01
8.245614035087719396e-01
8.220551378446114832e-01
8.195488721804511378e-01
8.170426065162907925e-01
8.145363408521303361e-01
8.120300751879698797e-01
8.095238095238095344e-01
8.070175438596491890e-01
8.045112781954887327e-01
8.020050125313282763e-01
7.994987468671679309e-01
7.969924812030075856e-01
7.944862155388471292e-01
7.919799498746866728e-01
7.894736842105263275e-01
7.869674185463659821e-01
7.844611528822055257e-01
7.819548872180450694e-01
7.794486215538847240e-01
7.769423558897243787e-01
7.744360902255639223e-01
7.719298245614034659e-01
7.694235588972431206e-01
7.669172932330827752e-01
7.644110275689223188e-01
7.619047619047618625e-01
7.593984962406015171e-01
7.568922305764411718e-01
7.543859649122807154e-01
7.518796992481202590e-01
7.493734335839599137e-01
7.468671679197995683e-01
7.443609022556391119e-01
7.418546365914786556e-01
7.393483709273183102e-01
7.368421052631579649e-01
7.343358395989975085e-01
7.318295739348370521e-01
7.293233082706767068e-01
7.268170426065163614e-01
7.243107769423559050e-01
7.218045112781954487e-01
7.192982456140351033e-01
7.167919799498747579e-01
7.142857142857143016e-01
7.117794486215538452e-01
7.092731829573934998e-01
7.067669172932331545e-01
7.042606516290726981e-01
7.017543859649122417e-01
6.992481203007518964e-01
6.967418546365915510e-01
6.942355889724310947e-01
6.917293233082706383e-01
6.892230576441102929e-01
6.867167919799499476e-01
6.842105263157894912e-01
6.817042606516290348e-01
6.791979949874686895e-01
6.766917293233083441e-01
6.741854636591478878e-01
6.716791979949874314e-01
6.691729323308270860e-01
6.666666666666667407e-01
6.641604010025062843e-01
6.616541353383458279e-01
6.591478696741854826e-01
6.566416040100251372e-01
6.541353383458646809e-01
6.516290726817042245e-01
6.491228070175438791e-01
6.466165413533835338e-01
6.441102756892230774e-01
6.416040100250626210e-01
6.390977443609022757e-01
6.365914786967419303e-01
6.340852130325814739e-01
6.315789473684210176e-01
6.290726817042606722e-01
6.265664160401003269e-01
6.240601503759398705e-01
6.215538847117794141e-01
6.190476190476190688e-01
6.165413533834587234e-01
6.140350877192982670e-01
6.115288220551378107e-01
6.090225563909774653e-01
6.065162907268171200e-01
6.040100250626566636e-01
6.015037593984962072e-01
5.989974937343358619e-01
5.964912280701755165e-01
5.939849624060150601e-01
5.914786967418546038e-01
5.889724310776942584e-01
5.864661654135339131e-01
5.839598997493734567e-01
5.814536340852130003e-01
5.789473684210526550e-01
5.764411027568923096e-01
5.739348370927318532e-01
5.714285714285713969e-01
5.689223057644110515e-01
5.664160401002507061e-01
5.639097744360902498e-01
5.614035087719297934e-01
5.588972431077694480e-01
5.563909774436091027e-01
5.538847117794486463e-01
5.513784461152881899e-01
5.488721804511278446e-01
5.463659147869674992e-01
5.438596491228070429e-01
5.413533834586465865e-01
5.388471177944862411e-01
5.363408521303258958e-01
5.338345864661654394e-01
5.313283208020049830e-01
5.288220551378446377e-01
5.263157894736842923e-01
5.238095238095238360e-01
5.213032581453633796e-01
5.187969924812030342e-01
5.162907268170426889e-01
5.137844611528822325e-01
5.112781954887217761e-01
5.087719298245614308e-01
5.062656641604010854e-01
5.037593984962406291e-01
5.012531328320801727e-01
5.012531328320801727e-01
5.037593984962405180e-01
5.062656641604008634e-01
5.087719298245614308e-01
5.112781954887217761e-01
5.137844611528821215e-01
5.162907268170426889e-01
5.187969924812030342e-01
5.213032581453633796e-01
5.238095238095237249e-01
5.263157894736840703e-01
5.288220551378446377e-01
5.313283208020049830e-01
5.338345864661653284e-01
5.363408521303258958e-01
5.388471177944862411e-01
5.413533834586465865e-01
5.438596491228069318e-01
5.463659147869672772e-01
5.488721804511278446e-01
5.513784461152881899e-01
5.538847117794485353e-01
5.563909774436091027e-01
5.588972431077694480e-01
5.614035087719297934e-01
5.639097744360901387e-01
5.664160401002504841e-01
5.689223057644110515e-01
5.714285714285713969e-01
5.739348370927317422e-01
5.764411027568923096e-01
5.789473684210526550e-01
5.814536340852130003e-01
5.839598997493733457e-01
5.864661654135336910e-01
5.889724310776942584e-01
5.914786967418546038e-01
5.939849624060149491e-01
5.964912280701755165e-01
5.989974937343358619e-01
6.015037593984962072e-01
6.040100250626565526e-01
6.065162907268168979e-01
6.090225563909774653e-01
6.115288220551378107e-01
6.140350877192981560e-01
6.165413533834587234e-01
6.190476190476190688e-01
6.215538847117794141e-01
6.240601503759397595e-01
6.265664160401001048e-01
6.290726817042606722e-01
6.315789473684210176e-01
6.340852130325813629e-01
6.365914786967419303e-01
6.390977443609022757e-01
6.416040100250626210e-01
6.441102756892229664e-01
6.466165413533833117e-01
6.491228070175438791e-01
6.516290726817042245e-01
6.541353383458645698e-01
6.566416040100251372e-01
6.591478696741854826e-01
6.616541353383458279e-01
6.641604010025061733e-01
6.666666666666665186e-01
6.691729323308270860e-01
6.716791979949874314e-01
6.741854636591477767e-01
6.766917293233083441e-01
6.791979949874686895e-01
6.817042606516290348e-01
6.842105263157893802e-01
6.867167919799497255e-01
6.892230576441102929e-01
6.917293233082706383e-01
6.942355889724309836e-01
6.967418546365915510e-01
6.992481203007518964e-01
7.017543859649122417e-01
7.042606516290725871e-01
7.067669172932329325e-01
7.092731829573934998e-01
7.117794486215538452e-01
7.142857142857141906e-01
7.167919799498747579e-01
7.192982456140351033e-01
7.218045112781954487e-01
7.243107769423557940e-01
7.268170426065161394e-01
7.293233082706767068e-01
7.318295739348370521e-01
7.343358395989973975e-01
7.368421052631579649e-01
7.393483709273183102e-01
7.418546365914786556e-01
7.443609022556390009e-01
7.468671679197993463e-01
7.493734335839599137e-01
7.518796992481202590e-01
7.543859649122806044e-01
7.568922305764411718e-01
7.593984962406015171e-01
7.619047619047618625e-01
7.644110275689222078e-01
7.669172932330825532e-01
7.694235588972431206e-01
7.719298245614034659e-01
7.744360902255638113e-01
7.769423558897243787e-01
7.794486215538847240e-01
7.819548872180450694e-01
7.844611528822054147e-01
7.869674185463657601e-01
7.894736842105263275e-01
7.919799498746866728e-01
7.944862155388470182e-01
7.969924812030075856e-01
7.994987468671679309e-01
8.020050125313282763e-01
8.045112781954886216e-01
8.070175438596489670e-01
8.095238095238095344e-01
8.120300751879698797e-01
8.145363408521302251e-01
8.170426065162907925e-01
8.195488721804511378e-01
8.220551378446114832e-01
8.245614035087718285e-01
8.270676691729321739e-01
8.295739348370927413e-01
8.320802005012530866e-01
8.345864661654134320e-01
8.370927318295739994e-01
8.395989974937343447e-01
8.421052631578946901e-01
8.446115288220550354e-01
8.471177944862153808e-01
8.496240601503759482e-01
8.521303258145362935e-01
8.546365914786966389e-01
8.571428571428572063e-01
8.596491228070175517e-01
8.621553884711778970e-01
8.646616541353382424e-01
8.671679197994985877e-01
8.696741854636591551e-01
8.721804511278195005e-01
8.746867167919798458e-01
8.771929824561404132e-01
8.796992481203007586e-01
8.822055137844611039e-01
8.847117794486214493e-01
8.872180451127817946e-01
8.897243107769423620e-01
8.922305764411027074e-01
8.947368421052630527e-01
8.972431077694236201e-01
8.997493734335839655e-01
9.022556390977443108e-01
9.047619047619046562e-01
9.072681704260650015e-01
9.097744360902255689e-01
9.122807017543859143e-01
9.147869674185462596e-01
9.172932330827068270e-01
9.197994987468671724e-01
9.223057644110275177e-01
9.248120300751878631e-01
9.273182957393482084e-01
9.298245614035087758e-01
9.323308270676691212e-01
9.348370927318294665e-01
9.373433583959900339e-01
9.398496240601503793e-01
9.423558897243107246e-01
9.448621553884710700e-01
9.473684210526314153e-01
9.498746867167919827e-01
9.523809523809523281e-01
9.548872180451126734e-01
9.573934837092732408e-01
9.598997493734335862e-01
9.624060150375939315e-01
9.649122807017542769e-01
9.674185463659146222e-01
9.699248120300751896e-01
9.724310776942355350e-01
9.749373433583958803e-01
9.774436090225564477e-01
9.799498746867167931e-01
9.824561403508771384e-01
9.849624060150374838e-01
9.874686716791978291e-01
9.899749373433583965e-01
9.924812030075187419e-01
9.949874686716790873e-01
9.974937343358396546e-01
1.000000000000000000e+00
