8.000000000000000000e+04
8.086206896551724640e+04
8.172413793103447824e+04
8.258620689655172464e+04
8.344827586206897104e+04
8.431034482758620288e+04
8.517241379310344928e+04
8.603448275862069568e+04
8.689655172413792752e+04
8.775862068965517392e+04
8.862068965517240576e+04
8.948275862068965216e+04
9.034482758620689856e+04
9.120689655172414496e+04
9.206896551724137680e+04
9.293103448275862320e+04
9.379310344827585504e+04
9.465517241379310144e+04
9.551724137931034784e+04
9.637931034482759424e+04
9.724137931034482608e+04
9.810344827586207248e+04
9.896551724137930432e+04
9.982758620689655072e+04
1.006896551724137971e+05
1.015517241379310435e+05
1.024137931034482754e+05
1.032758620689655218e+05
1.041379310344827536e+05
1.050000000000000000e+05
