2.999999999999999889e-01
3.034482758620689613e-01
3.068965517241379337e-01
3.103448275862069061e-01
3.137931034482758785e-01
3.172413793103447954e-01
3.206896551724137678e-01
3.241379310344827402e-01
3.275862068965517127e-01
3.310344827586206851e-01
3.344827586206896575e-01
3.379310344827586299e-01
3.413793103448276023e-01
3.448275862068965747e-01
3.482758620689655471e-01
3.517241379310345195e-01
3.551724137931034364e-01
3.586206896551724088e-01
3.620689655172413812e-01
3.655172413793103536e-01
3.689655172413793260e-01
3.724137931034482984e-01
3.758620689655172709e-01
3.793103448275862433e-01
3.827586206896551602e-01
3.862068965517241326e-01
3.896551724137931050e-01
3.931034482758620774e-01
3.965517241379310498e-01
4.000000000000000222e-01
