1.000000000000000000e+00
1.000000000000000000e+00
9.949999999999999956e-01
9.819999999999999840e-01
9.690000000000000835e-01
9.540000000000000702e-01
9.290000000000000480e-01
9.090000000000002522e-01
8.810000000000001164e-01
8.589999999999998748e-01
8.330000000000000737e-01
8.349999999999998535e-01
8.310000000000001830e-01
8.229999999999999538e-01
8.189999999999999503e-01
8.149999999999998357e-01
8.099999999999998312e-01
8.099999999999998312e-01
8.199999999999999512e-01
8.189999999999999503e-01
8.289999999999999591e-01
8.370000000000001883e-01
8.389999999999997460e-01
8.519999999999998685e-01
8.599999999999998757e-01
8.669999999999998819e-01
8.770000000000002238e-01
8.799999999999998934e-01
8.809999999999997833e-01
8.899999999999996803e-01
9.100000000000001421e-01
9.250000000000001554e-01
9.350000000000000533e-01
9.309999999999999387e-01
9.350000000000000533e-01
9.390000000000000568e-01
9.359999999999999432e-01
9.560000000000001830e-01
9.540000000000001812e-01
9.510000000000004006e-01
9.770000000000002016e-01
9.869999999999998774e-01
9.939999999999998836e-01
9.909999999999999920e-01
9.640000000000003011e-01
9.860000000000002096e-01
1.000000000000000000e+00
1.000000000000000000e+00
1.000000000000000000e+00
9.500000000000006217e-01
9.500000000000006217e-01
9.500000000000006217e-01
8.999999999999991340e-01
8.999999999999991340e-01
8.999999999999991340e-01
8.999999999999991340e-01
8.999999999999991340e-01
8.999999999999991340e-01
8.999999999999991340e-01
8.999999999999991340e-01
8.999999999999991340e-01
8.999999999999991340e-01
8.999999999999991340e-01
8.999999999999991340e-01
8.999999999999991340e-01
8.999999999999991340e-01
8.500000000000007550e-01
8.500000000000007550e-01
8.500000000000007550e-01
8.500000000000007550e-01
8.500000000000007550e-01
7.999999999999997113e-01
7.500000000000000000e-01
7.500000000000000000e-01
7.500000000000000000e-01
7.500000000000000000e-01
7.500000000000000000e-01
7.500000000000000000e-01
7.999999999999997113e-01
7.999999999999997113e-01
7.999999999999997113e-01
7.999999999999997113e-01
7.999999999999997113e-01
7.999999999999997113e-01
7.999999999999997113e-01
7.999999999999997113e-01
8.500000000000007550e-01
8.500000000000007550e-01
8.999999999999991340e-01
8.999999999999991340e-01
8.999999999999991340e-01
9.500000000000006217e-01
9.500000000000006217e-01
1.000000000000000000e+00
1.000000000000000000e+00
1.000000000000000000e+00
1.000000000000000000e+00
1.000000000000000000e+00
1.000000000000000000e+00
1.000000000000000000e+00
