0.000000000000000000e+00
3.759398496240601295e-03
7.518796992481202590e-03
1.127819548872180389e-02
1.503759398496240518e-02
1.879699248120300648e-02
2.255639097744360777e-02
2.631578947368420907e-02
3.007518796992481036e-02
3.383458646616541166e-02
3.759398496240601295e-02
4.135338345864661425e-02
4.511278195488721554e-02
4.887218045112781684e-02
5.263157894736841813e-02
5.639097744360901943e-02
6.015037593984962072e-02
6.390977443609022202e-02
6.766917293233082331e-02
7.142857142857142461e-02
7.518796992481202590e-02
7.894736842105262720e-02
8.270676691729322849e-02
8.646616541353382979e-02
9.022556390977443108e-02
9.398496240601503238e-02
9.774436090225563367e-02
1.015037593984962350e-01
1.052631578947368363e-01
1.090225563909774376e-01
1.127819548872180389e-01
1.165413533834586401e-01
1.203007518796992414e-01
1.240601503759398427e-01
1.278195488721804440e-01
1.315789473684210453e-01
1.353383458646616466e-01
1.390977443609022479e-01
1.428571428571428492e-01
1.466165413533834505e-01
1.503759398496240518e-01
1.541353383458646531e-01
1.578947368421052544e-01
1.616541353383458557e-01
1.654135338345864570e-01
1.691729323308270583e-01
1.729323308270676596e-01
1.766917293233082609e-01
1.804511278195488622e-01
1.842105263157894635e-01
1.879699248120300648e-01
1.917293233082706660e-01
1.954887218045112673e-01
1.992481203007518686e-01
2.030075187969924699e-01
2.067669172932330712e-01
2.105263157894736725e-01
2.142857142857142738e-01
2.180451127819548751e-01
2.218045112781954764e-01
2.255639097744360777e-01
2.293233082706766790e-01
2.330827067669172803e-01
2.368421052631578816e-01
2.406015037593984829e-01
2.443609022556390842e-01
2.481203007518796855e-01
2.518796992481202590e-01
2.556390977443608881e-01
2.593984962406015171e-01
2.631578947368420907e-01
2.669172932330826642e-01
2.706766917293232932e-01
2.744360902255639223e-01
2.781954887218044958e-01
2.819548872180450694e-01
2.857142857142856984e-01
2.894736842105263275e-01
2.932330827067669010e-01
2.969924812030074746e-01
3.007518796992481036e-01
3.045112781954887327e-01
3.082706766917293062e-01
3.120300751879698797e-01
3.157894736842105088e-01
3.195488721804511378e-01
3.233082706766917114e-01
3.270676691729322849e-01
3.308270676691729140e-01
3.345864661654135430e-01
3.383458646616541166e-01
3.421052631578946901e-01
3.458646616541353191e-01
3.496240601503759482e-01
3.533834586466165217e-01
3.571428571428570953e-01
3.609022556390977243e-01
3.646616541353383534e-01
3.684210526315789269e-01
3.721804511278195005e-01
3.759398496240601295e-01
3.796992481203007586e-01
3.834586466165413321e-01
3.872180451127819056e-01
3.909774436090225347e-01
3.947368421052631637e-01
3.984962406015037373e-01
4.022556390977443108e-01
4.060150375939849399e-01
4.097744360902255689e-01
4.135338345864661425e-01
4.172932330827067160e-01
4.210526315789473450e-01
4.248120300751879741e-01
4.285714285714285476e-01
4.323308270676691212e-01
4.360902255639097502e-01
4.398496240601503793e-01
4.436090225563909528e-01
4.473684210526315264e-01
4.511278195488721554e-01
4.548872180451127845e-01
4.586466165413533580e-01
4.624060150375939315e-01
4.661654135338345606e-01
4.699248120300751896e-01
4.736842105263157632e-01
4.774436090225563367e-01
4.812030075187969658e-01
4.849624060150375948e-01
4.887218045112781684e-01
4.924812030075187419e-01
4.962406015037593709e-01
5.000000000000000000e-01
5.037593984962405180e-01
5.075187969924811471e-01
5.112781954887217761e-01
5.150375939849624052e-01
5.187969924812030342e-01
5.225563909774435523e-01
5.263157894736841813e-01
5.300751879699248104e-01
5.338345864661653284e-01
5.375939849624059574e-01
5.413533834586465865e-01
5.451127819548872155e-01
5.488721804511278446e-01
5.526315789473683626e-01
5.563909774436089917e-01
5.601503759398496207e-01
5.639097744360901387e-01
5.676691729323307678e-01
5.714285714285713969e-01
5.751879699248120259e-01
5.789473684210526550e-01
5.827067669172931730e-01
5.864661654135338020e-01
5.902255639097744311e-01
5.939849624060149491e-01
5.977443609022555782e-01
6.015037593984962072e-01
6.052631578947368363e-01
6.090225563909774653e-01
6.127819548872179833e-01
6.165413533834586124e-01
6.203007518796992414e-01
6.240601503759397595e-01
6.278195488721803885e-01
6.315789473684210176e-01
6.353383458646616466e-01
6.390977443609022757e-01
6.428571428571427937e-01
6.466165413533834228e-01
6.503759398496240518e-01
6.541353383458645698e-01
6.578947368421051989e-01
6.616541353383458279e-01
6.654135338345864570e-01
6.691729323308270860e-01
6.729323308270676041e-01
6.766917293233082331e-01
6.804511278195488622e-01
6.842105263157893802e-01
6.879699248120300092e-01
6.917293233082706383e-01
6.954887218045112673e-01
6.992481203007518964e-01
7.030075187969924144e-01
7.067669172932330435e-01
7.105263157894736725e-01
7.142857142857141906e-01
7.180451127819548196e-01
7.218045112781954487e-01
7.255639097744360777e-01
7.293233082706767068e-01
7.330827067669172248e-01
7.368421052631578538e-01
7.406015037593984829e-01
7.443609022556390009e-01
7.481203007518796300e-01
7.518796992481202590e-01
7.556390977443608881e-01
7.593984962406015171e-01
7.631578947368420351e-01
7.669172932330826642e-01
7.706766917293232932e-01
7.744360902255638113e-01
7.781954887218044403e-01
7.819548872180450694e-01
7.857142857142856984e-01
7.894736842105263275e-01
7.932330827067668455e-01
7.969924812030074746e-01
8.007518796992481036e-01
8.045112781954886216e-01
8.082706766917292507e-01
8.120300751879698797e-01
8.157894736842105088e-01
8.195488721804511378e-01
8.233082706766916559e-01
8.270676691729322849e-01
8.308270676691729140e-01
8.345864661654134320e-01
8.383458646616540610e-01
8.421052631578946901e-01
8.458646616541353191e-01
8.496240601503759482e-01
8.533834586466164662e-01
8.571428571428570953e-01
8.609022556390977243e-01
8.646616541353382424e-01
8.684210526315788714e-01
8.721804511278195005e-01
8.759398496240601295e-01
8.796992481203007586e-01
8.834586466165412766e-01
8.872180451127819056e-01
8.909774436090225347e-01
8.947368421052630527e-01
8.984962406015036818e-01
9.022556390977443108e-01
9.060150375939849399e-01
9.097744360902255689e-01
9.135338345864660869e-01
9.172932330827067160e-01
9.210526315789473450e-01
9.248120300751878631e-01
9.285714285714284921e-01
9.323308270676691212e-01
9.360902255639097502e-01
9.398496240601503793e-01
9.436090225563908973e-01
9.473684210526315264e-01
9.511278195488721554e-01
9.548872180451126734e-01
9.586466165413533025e-01
9.624060150375939315e-01
9.661654135338345606e-01
9.699248120300751896e-01
9.736842105263157077e-01
9.774436090225563367e-01
9.812030075187969658e-01
9.849624060150374838e-01
9.887218045112781128e-01
9.924812030075187419e-01
9.962406015037593709e-01
1.000000000000000000e+00
1.003759398496240518e+00
1.007518796992481036e+00
1.011278195488721776e+00
1.015037593984962294e+00
1.018796992481203034e+00
1.022556390977443552e+00
1.026315789473684070e+00
1.030075187969924810e+00
1.033834586466165328e+00
1.037593984962406068e+00
1.041353383458646586e+00
1.045112781954887105e+00
1.048872180451127845e+00
1.052631578947368363e+00
1.056390977443608881e+00
1.060150375939849621e+00
1.063909774436090139e+00
1.067669172932330657e+00
1.071428571428571397e+00
1.075187969924811915e+00
1.078947368421052655e+00
1.082706766917293173e+00
1.086466165413533691e+00
1.090225563909774431e+00
1.093984962406014949e+00
1.097744360902255689e+00
1.101503759398496207e+00
1.105263157894736725e+00
1.109022556390977465e+00
1.112781954887217983e+00
1.116541353383458501e+00
1.120300751879699241e+00
1.124060150375939759e+00
1.127819548872180277e+00
1.131578947368421018e+00
1.135338345864661536e+00
1.139097744360902276e+00
1.142857142857142794e+00
1.146616541353383312e+00
1.150375939849624052e+00
1.154135338345864570e+00
1.157894736842105310e+00
1.161654135338345828e+00
1.165413533834586346e+00
1.169172932330827086e+00
1.172932330827067604e+00
1.176691729323308122e+00
1.180451127819548862e+00
1.184210526315789380e+00
1.187969924812029898e+00
1.191729323308270638e+00
1.195488721804511156e+00
1.199248120300751896e+00
1.203007518796992414e+00
1.206766917293232932e+00
1.210526315789473673e+00
1.214285714285714191e+00
1.218045112781954931e+00
1.221804511278195449e+00
1.225563909774435967e+00
1.229323308270676707e+00
1.233082706766917225e+00
1.236842105263157743e+00
1.240601503759398483e+00
1.244360902255639001e+00
1.248120300751879519e+00
1.251879699248120259e+00
1.255639097744360777e+00
1.259398496240601517e+00
1.263157894736842035e+00
1.266917293233082553e+00
1.270676691729323293e+00
1.274436090225563811e+00
1.278195488721804551e+00
1.281954887218045069e+00
1.285714285714285587e+00
1.289473684210526327e+00
1.293233082706766846e+00
1.296992481203007364e+00
1.300751879699248104e+00
1.304511278195488622e+00
1.308270676691729140e+00
1.312030075187969880e+00
1.315789473684210398e+00
1.319548872180451138e+00
1.323308270676691656e+00
1.327067669172932174e+00
1.330827067669172914e+00
1.334586466165413432e+00
1.338345864661654172e+00
1.342105263157894690e+00
1.345864661654135208e+00
1.349624060150375948e+00
1.353383458646616466e+00
1.357142857142856984e+00
1.360902255639097724e+00
1.364661654135338242e+00
1.368421052631578760e+00
1.372180451127819500e+00
1.375939849624060018e+00
1.379699248120300759e+00
1.383458646616541277e+00
1.387218045112781795e+00
1.390977443609022535e+00
1.394736842105263053e+00
1.398496240601503793e+00
1.402255639097744311e+00
1.406015037593984829e+00
1.409774436090225569e+00
1.413533834586466087e+00
1.417293233082706605e+00
1.421052631578947345e+00
1.424812030075187863e+00
1.428571428571428381e+00
1.432330827067669121e+00
1.436090225563909639e+00
1.439849624060150379e+00
1.443609022556390897e+00
1.447368421052631415e+00
1.451127819548872155e+00
1.454887218045112673e+00
1.458646616541353414e+00
1.462406015037593932e+00
1.466165413533834450e+00
1.469924812030075190e+00
1.473684210526315708e+00
1.477443609022556226e+00
1.481203007518796966e+00
1.484962406015037484e+00
1.488721804511278002e+00
1.492481203007518742e+00
1.496240601503759260e+00
1.500000000000000000e+00
