1.000000000000000000e+00
9.963888888888891016e-01
9.955555555555556380e-01
9.883333333333337301e-01
9.908333333333334547e-01
9.852777777777780299e-01
9.827777777777780832e-01
9.827777777777779722e-01
9.775000000000001465e-01
9.780555555555559000e-01
9.683333333333331572e-01
9.697222222222220411e-01
9.680555555555552250e-01
9.649999999999998579e-01
9.630555555555554426e-01
9.616666666666663366e-01
9.613888888888888484e-01
9.544444444444442066e-01
9.574999999999999067e-01
9.524999999999999023e-01
9.522222222222219701e-01
9.469444444444443665e-01
9.433333333333332460e-01
9.422222222222221832e-01
9.408333333333335213e-01
9.336111111111110583e-01
9.319444444444445752e-01
9.288888888888887641e-01
9.236111111111111605e-01
9.186111111111112670e-01
9.211111111111112137e-01
9.205555555555555713e-01
9.238888888888890927e-01
9.113888888888889150e-01
9.061111111111112004e-01
9.147222222222224364e-01
9.044444444444444953e-01
9.050000000000001377e-01
8.986111111111114713e-01
9.027777777777779011e-01
8.983333333333333171e-01
8.911111111111110761e-01
8.941666666666667762e-01
8.844444444444444775e-01
8.850000000000000089e-01
8.794444444444444731e-01
8.866666666666666030e-01
8.819444444444446418e-01
8.702777777777778168e-01
8.777777777777776569e-01
8.711111111111110583e-01
8.733333333333335169e-01
8.622222222222221122e-01
8.666666666666666963e-01
8.605555555555557401e-01
8.566666666666665764e-01
8.499999999999999778e-01
8.505555555555555092e-01
8.480555555555556735e-01
8.508333333333332194e-01
8.363888888888887374e-01
8.430555555555555580e-01
8.427777777777777368e-01
8.441666666666667318e-01
8.394444444444444375e-01
8.497222222222221566e-01
8.347222222222220323e-01
8.324999999999997957e-01
8.275000000000000133e-01
8.205555555555557046e-01
8.222222222222221877e-01
8.158333333333335213e-01
8.202777777777776613e-01
8.241666666666666030e-01
8.158333333333334103e-01
8.088888888888887685e-01
8.099999999999999423e-01
8.008333333333335080e-01
8.036111111111111649e-01
7.980555555555554070e-01
7.919444444444445619e-01
7.947222222222222188e-01
7.930555555555555136e-01
7.869444444444444464e-01
7.855555555555556735e-01
7.800000000000000266e-01
7.830555555555556158e-01
7.799999999999999156e-01
7.797222222222223165e-01
7.747222222222222010e-01
7.661111111111111871e-01
7.697222222222225296e-01
7.722222222222222543e-01
7.680555555555553804e-01
7.722222222222223653e-01
7.563888888888887774e-01
7.502777777777779322e-01
7.594444444444443665e-01
7.583333333333334147e-01
7.616666666666666030e-01
7.399999999999998801e-01
7.500000000000001110e-01
7.355555555555555181e-01
7.283333333333332771e-01
7.344444444444444553e-01
7.397222222222221699e-01
7.361111111111111605e-01
7.166666666666666741e-01
7.277777777777778567e-01
7.188888888888887996e-01
7.294444444444443398e-01
7.169444444444443842e-01
7.163888888888888529e-01
7.083333333333333703e-01
7.127777777777777324e-01
7.199999999999998623e-01
7.083333333333333703e-01
7.069444444444443754e-01
6.938888888888889994e-01
7.002777777777779988e-01
7.027777777777779455e-01
6.950000000000000622e-01
6.944444444444443088e-01
6.766666666666666385e-01
6.824999999999999956e-01
6.802777777777777590e-01
6.813888888888889328e-01
6.783333333333332327e-01
6.747222222222223342e-01
6.722222222222224985e-01
6.722222222222221655e-01
6.758333333333333970e-01
6.711111111111108807e-01
6.591666666666665675e-01
6.619444444444443354e-01
6.527777777777777901e-01
6.461111111111113026e-01
6.577777777777777946e-01
6.438888888888889550e-01
6.438888888888886219e-01
6.519444444444444375e-01
6.450000000000000178e-01
6.372222222222222454e-01
6.391666666666668828e-01
6.486111111111113603e-01
6.422222222222223609e-01
6.330555555555555935e-01
6.238888888888888262e-01
6.302777777777778256e-01
6.272222222222222365e-01
6.238888888888887152e-01
6.105555555555556291e-01
6.230555555555555847e-01
6.141666666666666385e-01
6.016666666666666829e-01
6.058333333333332238e-01
6.013888888888890838e-01
5.999999999999999778e-01
6.036111111111112093e-01
6.075000000000000400e-01
6.027777777777778567e-01
6.002777777777777990e-01
5.988888888888888040e-01
5.894444444444444375e-01
5.813888888888887330e-01
5.744444444444443132e-01
5.852777777777780077e-01
5.841666666666666119e-01
5.758333333333334192e-01
5.730555555555555403e-01
5.844444444444444331e-01
5.794444444444444287e-01
5.736111111111111827e-01
5.661111111111110095e-01
5.647222222222222365e-01
5.669444444444444731e-01
5.477777777777778079e-01
5.547222222222223387e-01
5.538888888888888751e-01
5.566666666666666430e-01
5.424999999999999822e-01
5.411111111111110983e-01
5.552777777777777590e-01
5.444444444444443976e-01
5.247222222222223120e-01
5.236111111111111382e-01
5.225000000000000755e-01
5.169444444444444287e-01
5.088888888888889461e-01
5.105555555555556513e-01
4.905555555555555780e-01
5.055555555555556468e-01
4.930555555555555247e-01
4.827777777777778057e-01
4.794444444444444509e-01
4.691666666666666763e-01
4.683333333333333792e-01
4.661111111111111427e-01
4.674999999999999711e-01
4.702777777777776835e-01
4.719444444444443332e-01
4.694444444444443865e-01
4.794444444444445619e-01
4.877777777777778656e-01
4.772222222222222143e-01
4.961111111111111693e-01
4.827777777777777501e-01
5.122222222222221344e-01
5.152777777777779455e-01
5.158333333333333659e-01
5.236111111111111382e-01
5.169444444444444287e-01
5.291666666666667851e-01
5.302777777777776258e-01
5.397222222222222143e-01
5.327777777777777946e-01
5.333333333333333259e-01
5.422222222222220500e-01
5.313888888888887996e-01
5.569444444444443532e-01
5.488888888888889817e-01
5.513888888888888173e-01
5.580555555555555269e-01
5.672222222222221832e-01
5.666666666666666519e-01
5.658333333333332993e-01
5.791666666666664964e-01
5.677777777777777146e-01
5.627777777777779322e-01
5.688888888888887774e-01
5.819444444444442643e-01
5.788888888888887863e-01
5.863888888888887374e-01
5.874999999999999112e-01
5.780555555555555447e-01
5.972222222222219878e-01
6.074999999999999289e-01
5.999999999999999778e-01
5.872222222222220900e-01
5.936111111111109784e-01
6.113888888888888706e-01
6.152777777777778123e-01
6.058333333333332238e-01
6.155555555555555225e-01
6.086111111111111027e-01
6.294444444444445841e-01
6.125000000000001554e-01
6.319444444444444198e-01
6.233333333333334059e-01
6.197222222222223964e-01
6.269444444444445264e-01
6.205555555555554159e-01
6.361111111111110716e-01
6.286111111111110095e-01
6.236111111111112271e-01
6.486111111111110272e-01
6.511111111111111960e-01
6.511111111111111960e-01
6.430555555555554914e-01
6.550000000000000266e-01
6.511111111111113070e-01
6.524999999999999689e-01
6.688888888888887552e-01
6.438888888888889550e-01
6.613888888888888040e-01
6.533333333333334325e-01
6.669444444444445619e-01
6.644444444444442821e-01
6.627777777777777990e-01
6.836111111111109473e-01
6.797222222222223387e-01
6.736111111111109384e-01
6.919444444444446951e-01
6.908333333333332993e-01
7.005555555555552649e-01
6.808333333333332904e-01
6.933333333333334680e-01
6.916666666666667629e-01
6.991666666666667140e-01
7.000000000000000666e-01
6.997222222222220234e-01
7.069444444444444864e-01
7.111111111111113603e-01
7.072222222222221966e-01
7.111111111111110272e-01
7.136111111111110850e-01
7.227777777777777413e-01
7.247222222222221566e-01
7.241666666666665142e-01
7.236111111111110938e-01
7.236111111111108718e-01
7.211111111111111471e-01
7.286111111111110983e-01
7.424999999999999378e-01
7.327777777777776391e-01
7.425000000000000488e-01
7.413888888888887641e-01
7.452777777777779278e-01
7.522222222222222365e-01
7.452777777777779278e-01
7.563888888888888884e-01
7.588888888888888351e-01
7.491666666666667584e-01
7.563888888888888884e-01
7.527777777777778789e-01
7.677777777777774482e-01
7.550000000000002265e-01
7.594444444444444775e-01
7.719444444444442111e-01
7.738888888888888484e-01
7.750000000000002442e-01
7.736111111111110272e-01
7.719444444444446551e-01
7.830555555555557268e-01
7.836111111111112582e-01
7.880555555555556202e-01
7.875000000000000888e-01
8.066666666666665320e-01
8.047222222222224497e-01
8.019444444444445708e-01
8.111111111111111160e-01
8.036111111111111649e-01
8.127777777777779322e-01
8.116666666666666474e-01
8.216666666666665453e-01
8.208333333333334147e-01
7.994444444444440689e-01
8.191666666666664876e-01
8.249999999999999556e-01
8.255555555555554870e-01
8.216666666666668783e-01
8.308333333333332016e-01
8.277777777777779455e-01
8.322222222222221966e-01
8.386111111111111960e-01
8.325000000000000178e-01
8.513888888888886397e-01
8.547222222222222721e-01
8.516666666666666829e-01
8.469444444444444997e-01
8.505555555555553982e-01
8.561111111111111560e-01
8.608333333333332282e-01
8.588888888888889239e-01
8.630555555555552427e-01
8.608333333333333393e-01
8.572222222222222188e-01
8.730555555555556957e-01
8.850000000000000089e-01
8.741666666666669805e-01
8.813888888888887774e-01
8.827777777777777724e-01
8.861111111111109606e-01
8.830555555555555935e-01
8.838888888888887241e-01
8.863888888888890039e-01
8.983333333333334281e-01
8.958333333333334814e-01
8.908333333333332549e-01
9.027777777777780122e-01
9.061111111111113114e-01
8.958333333333333703e-01
9.063888888888890216e-01
9.116666666666666252e-01
9.150000000000001465e-01
9.194444444444443976e-01
9.166666666666666297e-01
9.219444444444445663e-01
9.250000000000002665e-01
9.250000000000001554e-01
9.316666666666665320e-01
9.372222222222219568e-01
9.347222222222220100e-01
9.350000000000001643e-01
9.369444444444445796e-01
9.375000000000001110e-01
9.399999999999999467e-01
9.477777777777774970e-01
9.397222222222222365e-01
9.511111111111110183e-01
9.516666666666663277e-01
9.566666666666664431e-01
9.605555555555552738e-01
9.519444444444443709e-01
9.641666666666668384e-01
9.658333333333332105e-01
9.655555555555553893e-01
9.713888888888887463e-01
9.738888888888889150e-01
9.763888888888891948e-01
9.741666666666666252e-01
9.813888888888890882e-01
9.841666666666666341e-01
9.841666666666669672e-01
9.863888888888892037e-01
9.894444444444447928e-01
9.933333333333336235e-01
9.969444444444446329e-01
1.000000000000000000e+00
1.000000000000000000e+00
