1.000000000000000000e+00
1.000000000000000000e+00
9.888888888888877071e-01
9.777777777777765245e-01
9.777777777777765245e-01
9.777777777777765245e-01
9.777777777777765245e-01
9.777777777777765245e-01
9.773333333333323880e-01
9.764444444444435600e-01
9.759999999999992015e-01
9.751111111111103735e-01
9.742222222222214345e-01
9.739999999999993108e-01
9.628888888888886832e-01
9.624444444444441027e-01
9.613333333333329289e-01
9.608888888888885704e-01
9.506666666666666599e-01
9.502222222222220793e-01
9.493333333333332513e-01
9.479999999999998428e-01
9.386666666666659831e-01
9.366666666666663144e-01
9.273333333333330097e-01
9.262222222222219470e-01
9.235555555555552409e-01
9.235555555555551299e-01
9.226666666666664129e-01
9.217777777777775849e-01
9.191111111111109899e-01
9.177777777777775814e-01
9.153333333333328881e-01
9.128888888888885278e-01
9.106666666666662913e-01
9.084444444444440547e-01
9.064444444444441640e-01
9.002222222222218129e-01
8.971111111111107483e-01
8.928888888888885100e-01
8.906666666666661625e-01
8.877777777777773327e-01
8.864444444444439242e-01
8.844444444444438114e-01
8.835555555555549834e-01
8.788888888888883866e-01
8.762222222222217916e-01
8.706666666666662557e-01
8.646666666666662504e-01
8.593333333333329493e-01
8.553333333333335009e-01
8.519999999999998685e-01
8.402222222222224257e-01
8.317777777777780601e-01
8.280000000000000693e-01
8.284444444444442057e-01
8.259999999999999565e-01
8.277777777777778345e-01
8.262222222222220802e-01
8.224444444444444224e-01
8.233333333333330284e-01
8.242222222222221895e-01
8.237777777777776089e-01
8.202222222222220749e-01
8.175555555555554799e-01
8.171111111111112324e-01
8.184444444444441968e-01
8.153333333333331323e-01
8.159999999999999476e-01
8.146666666666666501e-01
8.155555555555554781e-01
8.137777777777777111e-01
8.137777777777777111e-01
8.126666666666664263e-01
8.131111111111111178e-01
8.120000000000000551e-01
8.108888888888888813e-01
8.113333333333332398e-01
8.148888888888886628e-01
8.126666666666664263e-01
8.126666666666667593e-01
8.148888888888887738e-01
8.148888888888887738e-01
8.151111111111108976e-01
8.164444444444444171e-01
8.162222222222221824e-01
8.179999999999999494e-01
8.155555555555554781e-01
8.173333333333333561e-01
8.164444444444444171e-01
8.195555555555553706e-01
8.208888888888888902e-01
8.235555555555553742e-01
8.231111111111111267e-01
8.222222222222221877e-01
8.235555555555555962e-01
8.224444444444444224e-01
8.220000000000001750e-01
8.211111111111111249e-01
8.251111111111109064e-01
8.248888888888886717e-01
8.271111111111112413e-01
8.306666666666663312e-01
8.319999999999997398e-01
8.351111111111110263e-01
8.357777777777778416e-01
8.364444444444443238e-01
8.339999999999999636e-01
8.362222222222222001e-01
8.386666666666667824e-01
8.413333333333334885e-01
8.479999999999999760e-01
8.484444444444443345e-01
8.528888888888888076e-01
8.582222222222219976e-01
8.604444444444442341e-01
8.604444444444443452e-01
8.615555555555555189e-01
8.673333333333329564e-01
8.706666666666663668e-01
8.713333333333330710e-01
8.731111111111108380e-01
8.746666666666662593e-01
8.731111111111108380e-01
8.746666666666662593e-01
8.804444444444441409e-01
8.853333333333330835e-01
8.855555555555553182e-01
8.886666666666662717e-01
8.886666666666662717e-01
8.873333333333328632e-01
8.866666666666661589e-01
8.915555555555553235e-01
8.902222222222221371e-01
8.888888888888887285e-01
8.917777777777776693e-01
8.911111111111108540e-01
8.904444444444440387e-01
8.944444444444442643e-01
8.933333333333330906e-01
8.935555555555554363e-01
8.984444444444441569e-01
8.988888888888887374e-01
8.977777777777775636e-01
8.979999999999997984e-01
8.968888888888888467e-01
8.957777777777776729e-01
9.015555555555553324e-01
9.046666666666663970e-01
9.062222222222219292e-01
9.128888888888887498e-01
9.124444444444442803e-01
9.097777777777777963e-01
9.084444444444444988e-01
9.088888888888888573e-01
9.095555555555554506e-01
9.082222222222222641e-01
9.077777777777776835e-01
9.066666666666668428e-01
9.068888888888889666e-01
9.131111111111108736e-01
9.144444444444442821e-01
9.146666666666665169e-01
9.222222222222217214e-01
9.271111111111107750e-01
9.257777777777775885e-01
9.242222222222221673e-01
9.246666666666664147e-01
9.299999999999993827e-01
9.297777777777773700e-01
9.359999999999998321e-01
9.399999999999993916e-01
9.431111111111109002e-01
9.431111111111109002e-01
9.442222222222218520e-01
9.455555555555552605e-01
9.513333333333331421e-01
9.535555555555551566e-01
9.542222222222218608e-01
9.573333333333328143e-01
9.608888888888883484e-01
9.624444444444438806e-01
9.677777777777772927e-01
9.713333333333328268e-01
9.742222222222218786e-01
9.751111111111108176e-01
9.779999999999994253e-01
9.771111111111103753e-01
9.828888888888884789e-01
9.837777777777771959e-01
9.853333333333327282e-01
9.864444444444437909e-01
9.855555555555548519e-01
9.895555555555549665e-01
9.906666666666660293e-01
9.895555555555547445e-01
9.864444444444434579e-01
9.939999999999994396e-01
9.935555555555549700e-01
9.931111111111105005e-01
9.931111111111105005e-01
9.931111111111105005e-01
9.931111111111105005e-01
9.931111111111105005e-01
9.819999999999992069e-01
9.819999999999992069e-01
9.819999999999992069e-01
9.708888888888881352e-01
9.708888888888881352e-01
9.708888888888881352e-01
9.708888888888881352e-01
9.708888888888881352e-01
9.708888888888881352e-01
9.708888888888881352e-01
9.708888888888881352e-01
9.708888888888881352e-01
9.708888888888881352e-01
9.597777777777778407e-01
9.597777777777778407e-01
9.597777777777778407e-01
9.486666666666659919e-01
9.486666666666659919e-01
9.375555555555546983e-01
9.375555555555546983e-01
9.375555555555546983e-01
9.375555555555546983e-01
9.375555555555546983e-01
9.375555555555546983e-01
9.375555555555546983e-01
9.375555555555546983e-01
9.264444444444438487e-01
9.153333333333335542e-01
9.153333333333335542e-01
9.153333333333335542e-01
9.153333333333335542e-01
9.153333333333335542e-01
9.153333333333335542e-01
9.042222222222219274e-01
8.931111111111106338e-01
8.931111111111106338e-01
8.931111111111106338e-01
8.877777777777773327e-01
7.555555555555557579e-01
7.666666666666662744e-01
7.777777777777782342e-01
7.777777777777782342e-01
7.888888888888891948e-01
7.888888888888891948e-01
7.999999999999997113e-01
8.111111111111105609e-01
8.111111111111105609e-01
8.111111111111105609e-01
8.111111111111105609e-01
8.111111111111105609e-01
8.222222222222227428e-01
8.222222222222227428e-01
8.222222222222227428e-01
8.222222222222227428e-01
8.333333333333335924e-01
8.444444444444439979e-01
8.444444444444439979e-01
8.444444444444439979e-01
8.555555555555548475e-01
8.555555555555548475e-01
8.666666666666670293e-01
8.666666666666670293e-01
8.666666666666670293e-01
8.666666666666670293e-01
8.666666666666670293e-01
8.777777777777779900e-01
8.777777777777779900e-01
8.777777777777779900e-01
8.777777777777779900e-01
8.888888888888881734e-01
8.888888888888881734e-01
8.888888888888881734e-01
8.999999999999991340e-01
8.999999999999991340e-01
9.111111111111113159e-01
9.222222222222223875e-01
9.333333333333324600e-01
9.333333333333324600e-01
9.444444444444434206e-01
9.444444444444434206e-01
9.444444444444434206e-01
9.444444444444434206e-01
9.444444444444434206e-01
9.555555555555556024e-01
9.666666666666666741e-01
9.777777777777765245e-01
9.777777777777765245e-01
9.777777777777765245e-01
9.888888888888877071e-01
9.888888888888877071e-01
9.888888888888877071e-01
9.888888888888877071e-01
9.888888888888877071e-01
1.000000000000000000e+00
1.000000000000000000e+00
1.000000000000000000e+00
