1.000000000000000000e+00
1.000000000000000000e+00
1.000000000000000000e+00
1.000000000000000000e+00
1.000000000000000000e+00
1.000000000000000000e+00
1.000000000000000000e+00
1.000000000000000000e+00
1.000000000000000000e+00
1.000000000000000000e+00
1.000000000000000000e+00
9.499999999999995115e-01
8.999999999999995781e-01
8.500000000000003109e-01
8.500000000000003109e-01
8.000000000000003775e-01
8.000000000000003775e-01
8.000000000000003775e-01
7.500000000000000000e-01
7.500000000000000000e-01
6.999999999999996225e-01
6.999999999999996225e-01
6.499999999999999112e-01
6.499999999999999112e-01
6.499999999999999112e-01
6.499999999999999112e-01
5.999999999999999778e-01
8.000000000000003775e-01
8.000000000000003775e-01
8.000000000000003775e-01
8.000000000000003775e-01
8.000000000000003775e-01
8.000000000000003775e-01
8.000000000000003775e-01
8.000000000000003775e-01
8.000000000000003775e-01
8.000000000000003775e-01
8.500000000000003109e-01
8.500000000000003109e-01
8.500000000000003109e-01
8.999999999999995781e-01
8.999999999999995781e-01
8.999999999999995781e-01
8.999999999999995781e-01
8.999999999999995781e-01
9.499999999999995115e-01
9.499999999999995115e-01
9.499999999999995115e-01
9.499999999999995115e-01
1.000000000000000000e+00
1.000000000000000000e+00
1.000000000000000000e+00
9.499999999999995115e-01
9.499999999999995115e-01
9.499999999999995115e-01
9.499999999999995115e-01
9.499999999999995115e-01
9.499999999999995115e-01
9.499999999999995115e-01
9.499999999999995115e-01
9.499999999999995115e-01
9.499999999999995115e-01
9.499999999999995115e-01
9.499999999999995115e-01
9.499999999999995115e-01
9.499999999999995115e-01
8.999999999999995781e-01
8.999999999999995781e-01
8.999999999999995781e-01
8.999999999999995781e-01
8.999999999999995781e-01
8.500000000000003109e-01
8.500000000000003109e-01
7.500000000000000000e-01
7.500000000000000000e-01
7.500000000000000000e-01
7.500000000000000000e-01
7.500000000000000000e-01
8.000000000000003775e-01
8.000000000000003775e-01
8.000000000000003775e-01
8.000000000000003775e-01
8.000000000000003775e-01
8.000000000000003775e-01
8.000000000000003775e-01
8.000000000000003775e-01
8.500000000000003109e-01
8.500000000000003109e-01
8.999999999999995781e-01
8.999999999999995781e-01
8.999999999999995781e-01
9.499999999999995115e-01
9.499999999999995115e-01
1.000000000000000000e+00
1.000000000000000000e+00
1.000000000000000000e+00
1.000000000000000000e+00
1.000000000000000000e+00
1.000000000000000000e+00
1.000000000000000000e+00
