8.000000000000000000e+04
8.051020408163264801e+04
8.102040816326531058e+04
8.153061224489795859e+04
8.204081632653060660e+04
8.255102040816326917e+04
8.306122448979591718e+04
8.357142857142856519e+04
8.408163265306122776e+04
8.459183673469387577e+04
8.510204081632653833e+04
8.561224489795918635e+04
8.612244897959183436e+04
8.663265306122449692e+04
8.714285714285714494e+04
8.765306122448979295e+04
8.816326530612245551e+04
8.867346938775510353e+04
8.918367346938775154e+04
8.969387755102041410e+04
9.020408163265306212e+04
9.071428571428571013e+04
9.122448979591837269e+04
9.173469387755102071e+04
9.224489795918366872e+04
9.275510204081633128e+04
9.326530612244897929e+04
9.377551020408162731e+04
9.428571428571428987e+04
9.479591836734693788e+04
9.530612244897958590e+04
9.581632653061224846e+04
9.632653061224489647e+04
9.683673469387754449e+04
9.734693877551020705e+04
9.785714285714285506e+04
9.836734693877550308e+04
9.887755102040816564e+04
9.938775510204081365e+04
9.989795918367346167e+04
1.004081632653061242e+05
1.009183673469387722e+05
1.014285714285714203e+05
1.019387755102040828e+05
1.024489795918367308e+05
1.029591836734693934e+05
1.034693877551020414e+05
1.039795918367346894e+05
1.044897959183673520e+05
1.050000000000000000e+05
