1.000000000000000000e+00
1.000000000000000000e+00
1.000000000000000000e+00
1.000000000000000000e+00
9.899999999999999911e-01
9.799999999999998712e-01
9.599999999999999645e-01
8.949999999999999067e-01
8.800000000000001155e-01
8.750000000000000000e-01
8.649999999999998801e-01
8.349999999999999645e-01
8.349999999999999645e-01
8.349999999999999645e-01
8.150000000000000577e-01
8.249999999999999556e-01
8.300000000000000711e-01
8.100000000000001643e-01
7.999999999999999334e-01
8.249999999999999556e-01
7.950000000000000400e-01
7.899999999999999245e-01
7.800000000000000266e-01
7.949999999999999289e-01
8.199999999999999512e-01
8.249999999999999556e-01
8.449999999999999734e-01
8.750000000000000000e-01
8.900000000000000133e-01
9.099999999999999201e-01
9.050000000000000266e-01
8.999999999999998002e-01
9.099999999999999201e-01
9.200000000000001510e-01
9.400000000000000577e-01
9.349999999999999423e-01
9.300000000000000488e-01
9.599999999999999645e-01
9.550000000000000711e-01
9.599999999999999645e-01
9.699999999999999734e-01
9.749999999999998668e-01
9.949999999999998845e-01
9.899999999999999911e-01
9.599999999999999645e-01
9.899999999999998801e-01
1.000000000000000000e+00
1.000000000000000000e+00
1.000000000000000000e+00
9.499999999999999556e-01
9.499999999999999556e-01
9.499999999999999556e-01
9.000000000000001332e-01
9.000000000000001332e-01
9.000000000000001332e-01
9.000000000000001332e-01
9.000000000000001332e-01
9.000000000000001332e-01
9.000000000000001332e-01
9.000000000000001332e-01
9.000000000000001332e-01
9.000000000000001332e-01
9.000000000000001332e-01
9.000000000000001332e-01
9.000000000000001332e-01
9.000000000000001332e-01
8.499999999999998668e-01
8.499999999999998668e-01
8.499999999999998668e-01
8.499999999999998668e-01
8.499999999999998668e-01
7.999999999999999334e-01
7.500000000000000000e-01
7.500000000000000000e-01
7.500000000000000000e-01
7.500000000000000000e-01
7.500000000000000000e-01
7.500000000000000000e-01
7.999999999999999334e-01
7.999999999999999334e-01
7.999999999999999334e-01
7.999999999999999334e-01
7.999999999999999334e-01
7.999999999999999334e-01
7.999999999999999334e-01
7.999999999999999334e-01
8.499999999999998668e-01
8.499999999999998668e-01
9.000000000000001332e-01
9.000000000000001332e-01
9.000000000000001332e-01
9.499999999999999556e-01
9.499999999999999556e-01
1.000000000000000000e+00
1.000000000000000000e+00
1.000000000000000000e+00
1.000000000000000000e+00
1.000000000000000000e+00
1.000000000000000000e+00
1.000000000000000000e+00
