-2.000000000000000000e+00
-1.959595959595959558e+00
-1.919191919191919116e+00
-1.878787878787878896e+00
-1.838383838383838453e+00
-1.797979797979798011e+00
-1.757575757575757569e+00
-1.717171717171717127e+00
-1.676767676767676685e+00
-1.636363636363636243e+00
-1.595959595959596022e+00
-1.555555555555555580e+00
-1.515151515151515138e+00
-1.474747474747474696e+00
-1.434343434343434254e+00
-1.393939393939394034e+00
-1.353535353535353369e+00
-1.313131313131313149e+00
-1.272727272727272707e+00
-1.232323232323232265e+00
-1.191919191919191823e+00
-1.151515151515151381e+00
-1.111111111111111160e+00
-1.070707070707070496e+00
-1.030303030303030276e+00
-9.898989898989898339e-01
-9.494949494949493918e-01
-9.090909090909089496e-01
-8.686868686868685074e-01
-8.282828282828282873e-01
-7.878787878787878451e-01
-7.474747474747474030e-01
-7.070707070707069608e-01
-6.666666666666665186e-01
-6.262626262626260765e-01
-5.858585858585856343e-01
-5.454545454545454142e-01
-5.050505050505049720e-01
-4.646464646464645298e-01
-4.242424242424240877e-01
-3.838383838383836455e-01
-3.434343434343432033e-01
-3.030303030303029832e-01
-2.626262626262625410e-01
-2.222222222222220989e-01
-1.818181818181816567e-01
-1.414141414141412145e-01
-1.010101010101007724e-01
-6.060606060606055223e-02
-2.020202020202011006e-02
2.020202020202033211e-02
6.060606060606099632e-02
1.010101010101012164e-01
1.414141414141414366e-01
1.818181818181821008e-01
2.222222222222223209e-01
2.626262626262629851e-01
3.030303030303032052e-01
3.434343434343434254e-01
3.838383838383840896e-01
4.242424242424243097e-01
4.646464646464649739e-01
5.050505050505051940e-01
5.454545454545458583e-01
5.858585858585860784e-01
6.262626262626262985e-01
6.666666666666669627e-01
7.070707070707071829e-01
7.474747474747478471e-01
7.878787878787880672e-01
8.282828282828287314e-01
8.686868686868689515e-01
9.090909090909091717e-01
9.494949494949498359e-01
9.898989898989900560e-01
1.030303030303030720e+00
1.070707070707070940e+00
1.111111111111111160e+00
1.151515151515151825e+00
1.191919191919192045e+00
1.232323232323232709e+00
1.272727272727272929e+00
1.313131313131313593e+00
1.353535353535353813e+00
1.393939393939394034e+00
1.434343434343434698e+00
1.474747474747474918e+00
1.515151515151515582e+00
1.555555555555555802e+00
1.595959595959596466e+00
1.636363636363636687e+00
1.676767676767676907e+00
1.717171717171717571e+00
1.757575757575757791e+00
1.797979797979798455e+00
1.838383838383838675e+00
1.878787878787878896e+00
1.919191919191919560e+00
1.959595959595959780e+00
2.000000000000000000e+00
