1.000000000000000000e+00
1.000000000000000000e+00
9.933333333333334014e-01
9.849999999999998757e-01
9.649999999999998579e-01
9.516666666666664387e-01
9.099999999999999201e-01
8.933333333333333126e-01
8.649999999999999911e-01
8.516666666666666829e-01
8.133333333333332416e-01
8.266666666666668828e-01
8.399999999999999689e-01
8.433333333333333792e-01
8.333333333333334814e-01
8.466666666666670116e-01
8.416666666666668961e-01
8.483333333333334947e-01
8.516666666666667940e-01
8.616666666666666918e-01
8.683333333333332904e-01
8.800000000000001155e-01
8.766666666666663721e-01
9.033333333333329884e-01
9.199999999999995959e-01
9.266666666666661945e-01
9.366666666666667584e-01
9.533333333333332549e-01
9.666666666666665630e-01
9.733333333333331616e-01
9.866666666666665808e-01
9.916666666666665853e-01
9.916666666666665853e-01
9.983333333333332948e-01
1.000000000000000000e+00
9.949999999999998845e-01
9.749999999999997558e-01
9.749999999999997558e-01
9.749999999999997558e-01
9.749999999999997558e-01
9.249999999999994893e-01
9.249999999999994893e-01
9.249999999999994893e-01
9.249999999999994893e-01
9.249999999999994893e-01
8.750000000000000000e-01
8.750000000000000000e-01
8.750000000000000000e-01
8.750000000000000000e-01
8.250000000000003997e-01
8.250000000000003997e-01
8.250000000000003997e-01
7.750000000000001332e-01
7.750000000000001332e-01
7.750000000000001332e-01
7.750000000000001332e-01
7.750000000000001332e-01
7.750000000000001332e-01
7.750000000000001332e-01
7.750000000000001332e-01
7.750000000000001332e-01
7.750000000000001332e-01
7.750000000000001332e-01
7.750000000000001332e-01
7.750000000000001332e-01
7.750000000000001332e-01
7.249999999999997558e-01
6.999999999999996225e-01
6.999999999999996225e-01
6.999999999999996225e-01
6.999999999999996225e-01
7.500000000000000000e-01
7.500000000000000000e-01
7.500000000000000000e-01
7.500000000000000000e-01
7.500000000000000000e-01
7.500000000000000000e-01
7.500000000000000000e-01
8.000000000000003775e-01
8.000000000000003775e-01
8.000000000000003775e-01
8.000000000000003775e-01
8.000000000000003775e-01
8.000000000000003775e-01
8.000000000000003775e-01
8.000000000000003775e-01
8.500000000000003109e-01
8.500000000000003109e-01
8.999999999999995781e-01
8.999999999999995781e-01
8.999999999999995781e-01
9.499999999999995115e-01
9.499999999999995115e-01
1.000000000000000000e+00
1.000000000000000000e+00
1.000000000000000000e+00
1.000000000000000000e+00
1.000000000000000000e+00
1.000000000000000000e+00
1.000000000000000000e+00
