1.000000000000000000e+00
1.000000000000000000e+00
9.983333333333332948e-01
9.683333333333331572e-01
9.399999999999995026e-01
9.316666666666663099e-01
9.166666666666665186e-01
8.916666666666664964e-01
8.766666666666665941e-01
8.549999999999999822e-01
8.383333333333335968e-01
8.483333333333332726e-01
8.416666666666667851e-01
8.416666666666665630e-01
8.449999999999999734e-01
8.450000000000000844e-01
8.466666666666665675e-01
8.466666666666665675e-01
8.433333333333332682e-01
8.516666666666665719e-01
8.516666666666666829e-01
8.583333333333335036e-01
8.616666666666668029e-01
8.733333333333336279e-01
8.900000000000002354e-01
8.966666666666667229e-01
9.033333333333328774e-01
9.116666666666662922e-01
9.266666666666661945e-01
9.233333333333330062e-01
9.249999999999997113e-01
9.216666666666664121e-01
9.199999999999997069e-01
9.216666666666664121e-01
9.249999999999997113e-01
9.233333333333331172e-01
9.233333333333332282e-01
9.299999999999996048e-01
9.266666666666663055e-01
9.366666666666662033e-01
9.299999999999998268e-01
9.333333333333330151e-01
9.416666666666663188e-01
9.466666666666662122e-01
9.466666666666664343e-01
9.533333333333330328e-01
9.583333333333331483e-01
9.499999999999996225e-01
9.483333333333329174e-01
9.516666666666662167e-01
9.666666666666663410e-01
9.666666666666663410e-01
9.633333333333330417e-01
9.766666666666664609e-01
9.833333333333331705e-01
9.916666666666665853e-01
9.966666666666665897e-01
1.000000000000000000e+00
1.000000000000000000e+00
1.000000000000000000e+00
1.000000000000000000e+00
1.000000000000000000e+00
1.000000000000000000e+00
1.000000000000000000e+00
1.000000000000000000e+00
1.000000000000000000e+00
9.499999999999995115e-01
9.499999999999995115e-01
9.499999999999995115e-01
9.499999999999995115e-01
9.499999999999995115e-01
8.999999999999995781e-01
8.999999999999995781e-01
8.999999999999995781e-01
8.999999999999995781e-01
8.999999999999995781e-01
8.999999999999995781e-01
8.999999999999995781e-01
8.500000000000003109e-01
8.500000000000003109e-01
8.500000000000003109e-01
8.000000000000003775e-01
8.000000000000003775e-01
8.000000000000003775e-01
8.000000000000003775e-01
8.000000000000003775e-01
8.500000000000003109e-01
8.500000000000003109e-01
8.999999999999995781e-01
8.999999999999995781e-01
8.999999999999995781e-01
9.499999999999995115e-01
9.499999999999995115e-01
1.000000000000000000e+00
1.000000000000000000e+00
1.000000000000000000e+00
1.000000000000000000e+00
1.000000000000000000e+00
1.000000000000000000e+00
1.000000000000000000e+00
