1.000000000000000000e+00
9.898989898989899450e-01
9.797979797979797789e-01
9.696969696969697239e-01
9.595959595959596689e-01
9.494949494949495028e-01
9.393939393939394478e-01
9.292929292929293927e-01
9.191919191919192267e-01
9.090909090909091717e-01
8.989898989898988946e-01
8.888888888888888395e-01
8.787878787878787845e-01
8.686868686868686185e-01
8.585858585858585634e-01
8.484848484848485084e-01
8.383838383838383423e-01
8.282828282828282873e-01
8.181818181818182323e-01
8.080808080808080662e-01
7.979797979797980112e-01
7.878787878787879562e-01
7.777777777777776791e-01
7.676767676767676241e-01
7.575757575757574580e-01
7.474747474747474030e-01
7.373737373737372369e-01
7.272727272727272929e-01
7.171717171717171269e-01
7.070707070707069608e-01
6.969696969696970168e-01
6.868686868686868507e-01
6.767676767676766847e-01
6.666666666666667407e-01
6.565656565656565746e-01
6.464646464646464086e-01
6.363636363636364646e-01
6.262626262626262985e-01
6.161616161616161325e-01
6.060606060606059664e-01
5.959595959595960224e-01
5.858585858585858563e-01
5.757575757575756903e-01
5.656565656565657463e-01
5.555555555555555802e-01
5.454545454545454142e-01
5.353535353535352481e-01
5.252525252525253041e-01
5.151515151515151381e-01
5.050505050505049720e-01
5.050505050505049720e-01
5.151515151515151381e-01
5.252525252525253041e-01
5.353535353535354702e-01
5.454545454545454142e-01
5.555555555555555802e-01
5.656565656565657463e-01
5.757575757575756903e-01
5.858585858585858563e-01
5.959595959595960224e-01
6.060606060606061884e-01
6.161616161616161325e-01
6.262626262626262985e-01
6.363636363636364646e-01
6.464646464646464086e-01
6.565656565656565746e-01
6.666666666666667407e-01
6.767676767676766847e-01
6.868686868686868507e-01
6.969696969696970168e-01
7.070707070707069608e-01
7.171717171717171269e-01
7.272727272727272929e-01
7.373737373737374590e-01
7.474747474747476250e-01
7.575757575757576801e-01
7.676767676767677351e-01
7.777777777777777901e-01
7.878787878787879562e-01
7.979797979797980112e-01
8.080808080808080662e-01
8.181818181818182323e-01
8.282828282828282873e-01
8.383838383838383423e-01
8.484848484848485084e-01
8.585858585858585634e-01
8.686868686868686185e-01
8.787878787878787845e-01
8.888888888888889506e-01
8.989898989898991166e-01
9.090909090909091717e-01
9.191919191919192267e-01
9.292929292929293927e-01
9.393939393939394478e-01
9.494949494949495028e-01
9.595959595959596689e-01
9.696969696969697239e-01
9.797979797979797789e-01
9.898989898989899450e-01
1.000000000000000000e+00
