1.000000000000000000e+00
1.000000000000000000e+00
1.000000000000000000e+00
1.000000000000000000e+00
1.000000000000000000e+00
1.000000000000000000e+00
1.000000000000000000e+00
1.000000000000000000e+00
1.000000000000000000e+00
1.000000000000000000e+00
1.000000000000000000e+00
9.500000000000006217e-01
8.999999999999991340e-01
8.500000000000007550e-01
8.500000000000007550e-01
7.999999999999997113e-01
7.999999999999997113e-01
7.999999999999997113e-01
7.500000000000000000e-01
7.500000000000000000e-01
6.999999999999998446e-01
6.999999999999998446e-01
6.499999999999994671e-01
6.499999999999994671e-01
6.499999999999994671e-01
6.499999999999994671e-01
6.000000000000005329e-01
6.000000000000005329e-01
6.000000000000005329e-01
6.000000000000005329e-01
6.000000000000005329e-01
6.000000000000005329e-01
6.000000000000005329e-01
6.000000000000005329e-01
6.000000000000005329e-01
6.000000000000005329e-01
6.000000000000005329e-01
5.500000000000003775e-01
5.500000000000003775e-01
5.500000000000003775e-01
5.000000000000000000e-01
5.000000000000000000e-01
5.000000000000000000e-01
5.000000000000000000e-01
5.000000000000000000e-01
4.499999999999995670e-01
4.499999999999995670e-01
4.499999999999995670e-01
4.499999999999995670e-01
3.999999999999998557e-01
3.999999999999998557e-01
6.000000000000005329e-01
6.499999999999994671e-01
6.499999999999994671e-01
6.499999999999994671e-01
6.499999999999994671e-01
6.499999999999994671e-01
6.499999999999994671e-01
6.499999999999994671e-01
6.499999999999994671e-01
6.499999999999994671e-01
6.499999999999994671e-01
6.499999999999994671e-01
6.499999999999994671e-01
6.499999999999994671e-01
6.499999999999994671e-01
6.999999999999998446e-01
6.999999999999998446e-01
6.999999999999998446e-01
6.999999999999998446e-01
6.999999999999998446e-01
7.500000000000000000e-01
7.500000000000000000e-01
7.500000000000000000e-01
7.500000000000000000e-01
7.500000000000000000e-01
7.500000000000000000e-01
7.500000000000000000e-01
7.999999999999997113e-01
7.999999999999997113e-01
7.999999999999997113e-01
7.999999999999997113e-01
7.999999999999997113e-01
7.999999999999997113e-01
7.999999999999997113e-01
7.999999999999997113e-01
8.500000000000007550e-01
8.500000000000007550e-01
8.999999999999991340e-01
8.999999999999991340e-01
8.999999999999991340e-01
9.500000000000006217e-01
9.500000000000006217e-01
1.000000000000000000e+00
1.000000000000000000e+00
1.000000000000000000e+00
1.000000000000000000e+00
1.000000000000000000e+00
1.000000000000000000e+00
1.000000000000000000e+00
