1.000000000000000000e+00
1.000000000000000000e+00
9.916666666666665853e-01
9.699999999999998623e-01
9.449999999999999512e-01
9.249999999999997113e-01
9.150000000000001465e-01
8.833333333333333037e-01
8.666666666666666963e-01
8.550000000000000933e-01
8.233333333333336945e-01
8.283333333333335879e-01
8.516666666666666829e-01
8.416666666666667851e-01
8.333333333333335924e-01
8.450000000000000844e-01
8.533333333333336101e-01
8.383333333333333748e-01
8.450000000000001954e-01
8.550000000000003153e-01
8.399999999999999689e-01
8.633333333333333970e-01
8.816666666666664876e-01
8.666666666666665853e-01
8.733333333333332948e-01
8.900000000000000133e-01
8.783333333333331883e-01
9.116666666666665142e-01
9.133333333333332194e-01
9.233333333333331172e-01
9.316666666666664209e-01
9.349999999999994982e-01
9.333333333333332371e-01
9.383333333333330195e-01
9.216666666666665231e-01
9.383333333333330195e-01
9.149999999999999245e-01
9.416666666666665408e-01
9.483333333333330284e-01
9.383333333333329085e-01
9.466666666666665453e-01
9.499999999999996225e-01
9.449999999999997291e-01
9.516666666666664387e-01
9.433333333333330240e-01
9.549999999999998490e-01
9.283333333333332327e-01
9.516666666666664387e-01
9.499999999999996225e-01
9.533333333333330328e-01
9.583333333333329263e-01
9.599999999999996314e-01
9.699999999999998623e-01
9.699999999999998623e-01
9.899999999999999911e-01
9.866666666666664698e-01
1.000000000000000000e+00
1.000000000000000000e+00
1.000000000000000000e+00
1.000000000000000000e+00
1.000000000000000000e+00
1.000000000000000000e+00
1.000000000000000000e+00
1.000000000000000000e+00
1.000000000000000000e+00
1.000000000000000000e+00
9.499999999999995115e-01
9.499999999999995115e-01
9.499999999999995115e-01
9.499999999999995115e-01
9.499999999999995115e-01
8.999999999999995781e-01
8.999999999999995781e-01
8.999999999999995781e-01
8.999999999999995781e-01
8.999999999999995781e-01
8.999999999999995781e-01
8.999999999999995781e-01
8.500000000000003109e-01
8.500000000000003109e-01
8.500000000000003109e-01
8.000000000000003775e-01
8.000000000000003775e-01
8.000000000000003775e-01
8.000000000000003775e-01
8.000000000000003775e-01
8.500000000000003109e-01
8.500000000000003109e-01
8.999999999999995781e-01
8.999999999999995781e-01
8.999999999999995781e-01
9.499999999999995115e-01
9.499999999999995115e-01
1.000000000000000000e+00
1.000000000000000000e+00
1.000000000000000000e+00
1.000000000000000000e+00
1.000000000000000000e+00
1.000000000000000000e+00
1.000000000000000000e+00
