1.000000000000000000e+00
1.000000000000000000e+00
1.000000000000000000e+00
9.899999999999998801e-01
9.849999999999999867e-01
9.599999999999999645e-01
9.499999999999999556e-01
9.049999999999999156e-01
8.949999999999999067e-01
8.499999999999999778e-01
8.149999999999998357e-01
8.550000000000000933e-01
8.449999999999999734e-01
8.249999999999999556e-01
8.199999999999999512e-01
8.299999999999998490e-01
8.300000000000000711e-01
8.300000000000000711e-01
8.599999999999999867e-01
8.700000000000001066e-01
8.900000000000002354e-01
8.949999999999999067e-01
9.050000000000000266e-01
9.150000000000000355e-01
9.100000000000001421e-01
9.150000000000002576e-01
9.549999999999998490e-01
9.749999999999999778e-01
9.749999999999999778e-01
9.899999999999999911e-01
1.000000000000000000e+00
1.000000000000000000e+00
1.000000000000000000e+00
1.000000000000000000e+00
1.000000000000000000e+00
1.000000000000000000e+00
9.899999999999998801e-01
9.599999999999999645e-01
9.599999999999999645e-01
9.599999999999999645e-01
9.099999999999999201e-01
9.099999999999999201e-01
9.099999999999999201e-01
9.099999999999999201e-01
9.099999999999999201e-01
8.599999999999999867e-01
8.599999999999999867e-01
8.599999999999999867e-01
8.599999999999999867e-01
8.099999999999999423e-01
8.099999999999999423e-01
8.099999999999999423e-01
7.600000000000000089e-01
7.600000000000000089e-01
7.600000000000000089e-01
7.600000000000000089e-01
7.600000000000000089e-01
7.600000000000000089e-01
7.600000000000000089e-01
7.600000000000000089e-01
7.600000000000000089e-01
7.600000000000000089e-01
7.600000000000000089e-01
7.600000000000000089e-01
7.600000000000000089e-01
7.600000000000000089e-01
7.100000000000000755e-01
7.000000000000000666e-01
7.000000000000000666e-01
7.000000000000000666e-01
7.000000000000000666e-01
7.500000000000000000e-01
7.500000000000000000e-01
7.500000000000000000e-01
7.500000000000000000e-01
7.500000000000000000e-01
7.500000000000000000e-01
7.500000000000000000e-01
7.999999999999999334e-01
7.999999999999999334e-01
7.999999999999999334e-01
7.999999999999999334e-01
7.999999999999999334e-01
7.999999999999999334e-01
7.999999999999999334e-01
7.999999999999999334e-01
8.499999999999998668e-01
8.499999999999998668e-01
9.000000000000001332e-01
9.000000000000001332e-01
9.000000000000001332e-01
9.499999999999999556e-01
9.499999999999999556e-01
1.000000000000000000e+00
1.000000000000000000e+00
1.000000000000000000e+00
1.000000000000000000e+00
1.000000000000000000e+00
1.000000000000000000e+00
1.000000000000000000e+00
