-1.500000000000000000e+00
-1.492462311557788857e+00
-1.484924623115577935e+00
-1.477386934673366792e+00
-1.469849246231155870e+00
-1.462311557788944727e+00
-1.454773869346733584e+00
-1.447236180904522662e+00
-1.439698492462311519e+00
-1.432160804020100597e+00
-1.424623115577889454e+00
-1.417085427135678311e+00
-1.409547738693467389e+00
-1.402010050251256246e+00
-1.394472361809045324e+00
-1.386934673366834181e+00
-1.379396984924623037e+00
-1.371859296482412116e+00
-1.364321608040200973e+00
-1.356783919597990051e+00
-1.349246231155778908e+00
-1.341708542713567764e+00
-1.334170854271356843e+00
-1.326633165829145700e+00
-1.319095477386934778e+00
-1.311557788944723635e+00
-1.304020100502512491e+00
-1.296482412060301570e+00
-1.288944723618090427e+00
-1.281407035175879283e+00
-1.273869346733668362e+00
-1.266331658291457218e+00
-1.258793969849246297e+00
-1.251256281407035154e+00
-1.243718592964824232e+00
-1.236180904522613089e+00
-1.228643216080401945e+00
-1.221105527638191024e+00
-1.213567839195979881e+00
-1.206030150753768737e+00
-1.198492462311557816e+00
-1.190954773869346672e+00
-1.183417085427135751e+00
-1.175879396984924607e+00
-1.168341708542713686e+00
-1.160804020100502543e+00
-1.153266331658291399e+00
-1.145728643216080478e+00
-1.138190954773869334e+00
-1.130653266331658191e+00
-1.123115577889447270e+00
-1.115577889447236126e+00
-1.108040201005025205e+00
-1.100502512562814061e+00
-1.092964824120603140e+00
-1.085427135678391997e+00
-1.077889447236180853e+00
-1.070351758793969932e+00
-1.062814070351758788e+00
-1.055276381909547645e+00
-1.047738693467336724e+00
-1.040201005025125580e+00
-1.032663316582914659e+00
-1.025125628140703515e+00
-1.017587939698492594e+00
-1.010050251256281451e+00
-1.002512562814070307e+00
-9.949748743718592747e-01
-9.874371859296482423e-01
-9.798994974874372099e-01
-9.723618090452261775e-01
-9.648241206030151451e-01
-9.572864321608040017e-01
-9.497487437185929693e-01
-9.422110552763819369e-01
-9.346733668341709045e-01
-9.271356783919598721e-01
-9.195979899497487287e-01
-9.120603015075376963e-01
-9.045226130653266639e-01
-8.969849246231156314e-01
-8.894472361809045990e-01
-8.819095477386934556e-01
-8.743718592964824232e-01
-8.668341708542713908e-01
-8.592964824120603584e-01
-8.517587939698493260e-01
-8.442211055276381826e-01
-8.366834170854271502e-01
-8.291457286432161178e-01
-8.216080402010050854e-01
-8.140703517587940530e-01
-8.065326633165829096e-01
-7.989949748743718771e-01
-7.914572864321608447e-01
-7.839195979899498123e-01
-7.763819095477386689e-01
-7.688442211055276365e-01
-7.613065326633166041e-01
-7.537688442211055717e-01
-7.462311557788945393e-01
-7.386934673366833959e-01
-7.311557788944723635e-01
-7.236180904522613311e-01
-7.160804020100502987e-01
-7.085427135678392663e-01
-7.010050251256281229e-01
-6.934673366834170904e-01
-6.859296482412060580e-01
-6.783919597989950256e-01
-6.708542713567839932e-01
-6.633165829145728498e-01
-6.557788944723618174e-01
-6.482412060301507850e-01
-6.407035175879397526e-01
-6.331658291457287202e-01
-6.256281407035175768e-01
-6.180904522613065444e-01
-6.105527638190955120e-01
-6.030150753768844796e-01
-5.954773869346734472e-01
-5.879396984924623037e-01
-5.804020100502512713e-01
-5.728643216080402389e-01
-5.653266331658292065e-01
-5.577889447236181741e-01
-5.502512562814070307e-01
-5.427135678391959983e-01
-5.351758793969849659e-01
-5.276381909547739335e-01
-5.201005025125629011e-01
-5.125628140703517577e-01
-5.050251256281407253e-01
-4.974874371859296929e-01
-4.899497487437185494e-01
-4.824120603015076281e-01
-4.748743718592964846e-01
-4.673366834170855633e-01
-4.597989949748744198e-01
-4.522613065326632764e-01
-4.447236180904523550e-01
-4.371859296482412116e-01
-4.296482412060302902e-01
-4.221105527638191468e-01
-4.145728643216080034e-01
-4.070351758793970820e-01
-3.994974874371859386e-01
-3.919597989949750172e-01
-3.844221105527638738e-01
-3.768844221105527303e-01
-3.693467336683418090e-01
-3.618090452261306655e-01
-3.542713567839197442e-01
-3.467336683417086007e-01
-3.391959798994974573e-01
-3.316582914572865359e-01
-3.241206030150753925e-01
-3.165829145728644711e-01
-3.090452261306533277e-01
-3.015075376884421843e-01
-2.939698492462312629e-01
-2.864321608040201195e-01
-2.788944723618091981e-01
-2.713567839195980547e-01
-2.638190954773869112e-01
-2.562814070351759899e-01
-2.487437185929648464e-01
-2.412060301507539251e-01
-2.336683417085427816e-01
-2.261306532663316382e-01
-2.185929648241207168e-01
-2.110552763819095734e-01
-2.035175879396986520e-01
-1.959798994974875086e-01
-1.884422110552763652e-01
-1.809045226130654438e-01
-1.733668341708543004e-01
-1.658291457286433790e-01
-1.582914572864322356e-01
-1.507537688442210921e-01
-1.432160804020101708e-01
-1.356783919597990273e-01
-1.281407035175881060e-01
-1.206030150753769625e-01
-1.130653266331658191e-01
-1.055276381909548977e-01
-9.798994974874375430e-02
-9.045226130653283292e-02
-8.291457286432168949e-02
-7.537688442211054607e-02
-6.783919597989962469e-02
-6.030150753768848126e-02
-5.276381909547733784e-02
-4.522613065326641646e-02
-3.768844221105527303e-02
-3.015075376884435165e-02
-2.261306532663320823e-02
-1.507537688442206480e-02
-7.537688442211143425e-03
0.000000000000000000e+00
