1.000000000000000000e+00
1.000000000000000000e+00
9.833333333333338366e-01
9.833333333333338366e-01
9.833333333333338366e-01
9.826666666666671324e-01
9.813333333333338349e-01
9.813333333333337238e-01
9.806666666666670196e-01
9.793333333333336110e-01
9.763333333333337194e-01
9.603333333333334831e-01
9.580000000000000737e-01
9.440000000000005054e-01
9.433333333333338011e-01
9.410000000000005027e-01
9.383333333333335746e-01
9.346666666666668677e-01
9.226666666666660799e-01
9.179999999999993721e-01
9.156666666666659626e-01
9.143333333333326651e-01
9.016666666666663943e-01
9.003333333333332078e-01
8.863333333333329733e-01
8.823333333333329698e-01
8.786666666666662628e-01
8.699999999999999956e-01
8.599999999999999867e-01
8.563333333333335018e-01
8.573333333333335027e-01
8.460000000000004183e-01
8.353333333333332611e-01
8.369999999999998552e-01
8.356666666666667798e-01
8.356666666666666687e-01
8.353333333333334831e-01
8.330000000000000737e-01
8.353333333333332611e-01
8.343333333333334823e-01
8.310000000000001830e-01
8.296666666666669965e-01
8.309999999999999609e-01
8.303333333333334787e-01
8.286666666666667735e-01
8.273333333333338091e-01
8.266666666666669938e-01
8.266666666666668828e-01
8.290000000000001812e-01
8.303333333333334787e-01
8.293333333333334778e-01
8.279999999999998472e-01
8.273333333333332540e-01
8.256666666666666599e-01
8.243333333333333623e-01
8.226666666666666572e-01
8.213333333333335817e-01
8.273333333333335871e-01
8.290000000000005143e-01
8.256666666666671039e-01
8.276666666666669947e-01
8.196666666666668766e-01
8.173333333333335782e-01
8.226666666666669903e-01
8.223333333333335826e-01
8.283333333333334769e-01
8.336666666666667780e-01
8.326666666666667771e-01
8.340000000000000746e-01
8.340000000000000746e-01
8.336666666666665559e-01
8.309999999999998499e-01
8.293333333333333668e-01
8.243333333333332513e-01
8.329999999999999627e-01
8.330000000000000737e-01
8.336666666666668890e-01
8.310000000000001830e-01
8.370000000000000773e-01
8.326666666666667771e-01
8.420000000000000817e-01
8.420000000000000817e-01
8.409999999999999698e-01
8.389999999999999680e-01
8.490000000000001990e-01
8.569999999999999840e-01
8.649999999999997691e-01
8.646666666666665835e-01
8.669999999999998819e-01
8.649999999999998801e-01
8.619999999999997664e-01
8.619999999999997664e-01
8.609999999999999876e-01
8.606666666666665799e-01
8.719999999999998863e-01
8.696666666666665879e-01
8.823333333333336359e-01
8.916666666666666075e-01
8.916666666666663854e-01
8.996666666666665035e-01
8.993333333333330959e-01
9.079999999999996962e-01
9.086666666666662895e-01
9.079999999999996962e-01
9.063333333333329911e-01
9.043333333333331003e-01
9.130000000000001448e-01
9.133333333333334414e-01
9.213333333333330044e-01
9.266666666666667496e-01
9.276666666666661953e-01
9.226666666666665240e-01
9.206666666666663001e-01
9.173333333333331119e-01
9.106666666666662913e-01
9.079999999999995852e-01
9.166666666666661856e-01
9.279999999999994920e-01
9.276666666666661953e-01
9.256666666666665266e-01
9.323333333333326811e-01
9.436666666666669867e-01
9.470000000000000639e-01
9.469999999999998419e-01
9.570000000000000728e-01
9.536666666666669956e-01
9.616666666666666696e-01
9.613333333333337061e-01
9.706666666666670107e-01
9.780000000000004245e-01
9.826666666666669103e-01
9.920000000000002149e-01
9.983333333333334059e-01
9.983333333333334059e-01
9.816666666666670205e-01
9.816666666666670205e-01
9.816666666666670205e-01
9.816666666666670205e-01
9.650000000000001910e-01
9.483333333333340276e-01
9.483333333333340276e-01
9.316666666666657548e-01
9.316666666666657548e-01
9.149999999999994804e-01
9.149999999999994804e-01
9.149999999999994804e-01
9.149999999999994804e-01
9.149999999999994804e-01
9.149999999999994804e-01
9.149999999999994804e-01
9.149999999999994804e-01
9.149999999999994804e-01
9.149999999999994804e-01
8.983333333333325399e-01
8.816666666666663765e-01
8.650000000000003242e-01
8.650000000000003242e-01
8.650000000000003242e-01
8.650000000000003242e-01
8.650000000000003242e-01
8.483333333333340498e-01
8.483333333333340498e-01
8.483333333333340498e-01
8.483333333333340498e-01
8.483333333333340498e-01
8.500000000000007550e-01
8.500000000000007550e-01
8.500000000000007550e-01
8.500000000000007550e-01
8.666666666666670293e-01
8.666666666666670293e-01
8.666666666666670293e-01
8.666666666666670293e-01
8.666666666666670293e-01
8.666666666666670293e-01
8.666666666666670293e-01
8.666666666666670293e-01
8.833333333333329707e-01
8.999999999999991340e-01
8.999999999999991340e-01
8.999999999999991340e-01
8.999999999999991340e-01
8.999999999999991340e-01
9.166666666666662966e-01
9.166666666666662966e-01
9.166666666666662966e-01
9.333333333333324600e-01
9.333333333333324600e-01
9.500000000000006217e-01
9.500000000000006217e-01
9.500000000000006217e-01
9.666666666666666741e-01
9.666666666666666741e-01
9.666666666666666741e-01
9.666666666666666741e-01
9.833333333333338366e-01
9.833333333333338366e-01
1.000000000000000000e+00
1.000000000000000000e+00
1.000000000000000000e+00
