1.000000000000000000e+00
9.949748743718592747e-01
9.899497487437186605e-01
9.849246231155778242e-01
9.798994974874372099e-01
9.748743718592964846e-01
9.698492462311557594e-01
9.648241206030151451e-01
9.597989949748743088e-01
9.547738693467336946e-01
9.497487437185929693e-01
9.447236180904522440e-01
9.396984924623116298e-01
9.346733668341707935e-01
9.296482412060301792e-01
9.246231155778894539e-01
9.195979899497487287e-01
9.145728643216081144e-01
9.095477386934672781e-01
9.045226130653266639e-01
8.994974874371859386e-01
8.944723618090452133e-01
8.894472361809045990e-01
8.844221105527637627e-01
8.793969849246231485e-01
8.743718592964824232e-01
8.693467336683416979e-01
8.643216080402010837e-01
8.592964824120602474e-01
8.542713567839195221e-01
8.492462311557789079e-01
8.442211055276381826e-01
8.391959798994975683e-01
8.341708542713567320e-01
8.291457286432161178e-01
8.241206030150753925e-01
8.190954773869346672e-01
8.140703517587940530e-01
8.090452261306532167e-01
8.040201005025124914e-01
7.989949748743718771e-01
7.939698492462311519e-01
7.889447236180905376e-01
7.839195979899497013e-01
7.788944723618090871e-01
7.738693467336683618e-01
7.688442211055276365e-01
7.638190954773870223e-01
7.587939698492461860e-01
7.537688442211054607e-01
7.487437185929648464e-01
7.437185929648240101e-01
7.386934673366833959e-01
7.336683417085427816e-01
7.286432160804021674e-01
7.236180904522613311e-01
7.185929648241204948e-01
7.135678391959798805e-01
7.085427135678392663e-01
7.035175879396984300e-01
6.984924623115578157e-01
7.035175879396986520e-01
7.085427135678392663e-01
7.135678391959798805e-01
7.185929648241204948e-01
7.236180904522613311e-01
7.286432160804021674e-01
7.336683417085427816e-01
7.386934673366833959e-01
7.437185929648242322e-01
7.487437185929648464e-01
7.537688442211055717e-01
7.587939698492462970e-01
7.638190954773870223e-01
7.688442211055276365e-01
7.738693467336683618e-01
7.788944723618090871e-01
7.839195979899498123e-01
7.889447236180905376e-01
7.939698492462311519e-01
7.989949748743718771e-01
8.040201005025126024e-01
8.090452261306533277e-01
8.140703517587940530e-01
8.190954773869346672e-01
8.241206030150753925e-01
8.291457286432161178e-01
8.341708542713568431e-01
8.391959798994975683e-01
8.442211055276381826e-01
8.492462311557789079e-01
8.542713567839196331e-01
8.592964824120603584e-01
8.643216080402010837e-01
8.693467336683416979e-01
8.743718592964824232e-01
8.793969849246231485e-01
8.844221105527638738e-01
8.894472361809045990e-01
8.944723618090452133e-01
8.994974874371859386e-01
9.045226130653266639e-01
9.095477386934673891e-01
9.145728643216081144e-01
9.195979899497487287e-01
9.246231155778894539e-01
9.296482412060301792e-01
9.346733668341709045e-01
9.396984924623116298e-01
9.447236180904522440e-01
9.497487437185929693e-01
9.547738693467336946e-01
9.597989949748744198e-01
9.648241206030151451e-01
9.698492462311557594e-01
9.748743718592964846e-01
9.798994974874372099e-01
9.849246231155779352e-01
9.899497487437186605e-01
9.949748743718592747e-01
1.000000000000000000e+00
9.949748743718592747e-01
9.899497487437185494e-01
9.849246231155778242e-01
9.798994974874372099e-01
9.748743718592964846e-01
9.698492462311557594e-01
9.648241206030150341e-01
9.597989949748743088e-01
9.547738693467336946e-01
9.497487437185929693e-01
9.447236180904522440e-01
9.396984924623115187e-01
9.346733668341707935e-01
9.296482412060300682e-01
9.246231155778894539e-01
9.195979899497487287e-01
9.145728643216081144e-01
9.095477386934672781e-01
9.045226130653265528e-01
8.994974874371859386e-01
8.944723618090452133e-01
8.894472361809045990e-01
8.844221105527637627e-01
8.793969849246230375e-01
8.743718592964824232e-01
8.693467336683416979e-01
8.643216080402010837e-01
8.592964824120602474e-01
8.542713567839195221e-01
8.492462311557789079e-01
8.442211055276381826e-01
8.391959798994975683e-01
8.341708542713567320e-01
8.291457286432160068e-01
8.241206030150753925e-01
8.190954773869346672e-01
8.140703517587940530e-01
8.090452261306532167e-01
8.040201005025124914e-01
8.040201005025124914e-01
8.090452261306532167e-01
8.140703517587938309e-01
8.190954773869346672e-01
8.241206030150753925e-01
8.291457286432160068e-01
8.341708542713567320e-01
8.391959798994973463e-01
8.442211055276381826e-01
8.492462311557789079e-01
8.542713567839195221e-01
8.592964824120602474e-01
8.643216080402008616e-01
8.693467336683416979e-01
8.743718592964824232e-01
8.793969849246230375e-01
8.844221105527637627e-01
8.894472361809043770e-01
8.944723618090452133e-01
8.994974874371859386e-01
9.045226130653265528e-01
9.095477386934672781e-01
9.145728643216078924e-01
9.195979899497487287e-01
9.246231155778894539e-01
9.296482412060300682e-01
9.346733668341707935e-01
9.396984924623114077e-01
9.447236180904522440e-01
9.497487437185929693e-01
9.547738693467335835e-01
9.597989949748743088e-01
9.648241206030151451e-01
9.698492462311557594e-01
9.748743718592964846e-01
9.798994974874370989e-01
9.849246231155778242e-01
9.899497487437186605e-01
9.949748743718592747e-01
1.000000000000000000e+00
