0.000000000000000000e+00
1.010101010101010047e+03
2.020202020202020094e+03
3.030303030303030027e+03
4.040404040404040188e+03
5.050505050505050349e+03
6.060606060606060055e+03
7.070707070707070670e+03
8.080808080808080376e+03
9.090909090909090082e+03
1.010101010101010070e+04
1.111111111111111131e+04
1.212121212121212011e+04
1.313131313131313073e+04
1.414141414141414134e+04
1.515151515151515014e+04
1.616161616161616075e+04
1.717171717171716955e+04
1.818181818181818016e+04
1.919191919191919078e+04
2.020202020202020140e+04
2.121212121212121201e+04
2.222222222222222263e+04
2.323232323232322960e+04
2.424242424242424022e+04
2.525252525252525083e+04
2.626262626262626145e+04
2.727272727272727207e+04
2.828282828282828268e+04
2.929292929292928966e+04
3.030303030303030027e+04
3.131313131313131089e+04
3.232323232323232151e+04
3.333333333333332848e+04
3.434343434343433910e+04
3.535353535353534971e+04
3.636363636363636033e+04
3.737373737373737094e+04
3.838383838383838156e+04
3.939393939393939218e+04
4.040404040404040279e+04
4.141414141414141341e+04
4.242424242424242402e+04
4.343434343434343464e+04
4.444444444444444525e+04
4.545454545454544859e+04
4.646464646464645921e+04
4.747474747474746982e+04
4.848484848484848044e+04
4.949494949494949105e+04
5.050505050505050167e+04
5.151515151515151229e+04
5.252525252525252290e+04
5.353535353535353352e+04
5.454545454545454413e+04
5.555555555555555475e+04
5.656565656565656536e+04
5.757575757575757598e+04
5.858585858585857932e+04
5.959595959595958993e+04
6.060606060606060055e+04
6.161616161616161116e+04
6.262626262626262178e+04
6.363636363636363239e+04
6.464646464646464301e+04
6.565656565656565363e+04
6.666666666666665697e+04
6.767676767676767486e+04
6.868686868686867820e+04
6.969696969696969609e+04
7.070707070707069943e+04
7.171717171717171732e+04
7.272727272727272066e+04
7.373737373737373855e+04
7.474747474747474189e+04
7.575757575757575978e+04
7.676767676767676312e+04
7.777777777777776646e+04
7.878787878787878435e+04
7.979797979797978769e+04
8.080808080808080558e+04
8.181818181818180892e+04
8.282828282828282681e+04
8.383838383838383015e+04
8.484848484848484804e+04
8.585858585858585138e+04
8.686868686868686927e+04
8.787878787878787261e+04
8.888888888888889051e+04
8.989898989898989385e+04
9.090909090909089718e+04
9.191919191919191508e+04
9.292929292929291842e+04
9.393939393939393631e+04
9.494949494949493965e+04
9.595959595959595754e+04
9.696969696969696088e+04
9.797979797979797877e+04
9.898989898989898211e+04
1.000000000000000000e+05
