-5.000000000000000000e+00
-4.795918367346938993e+00
-4.591836734693877986e+00
-4.387755102040816091e+00
-4.183673469387755084e+00
-3.979591836734694077e+00
-3.775510204081632626e+00
-3.571428571428571175e+00
-3.367346938775510168e+00
-3.163265306122449161e+00
-2.959183673469387710e+00
-2.755102040816326259e+00
-2.551020408163265252e+00
-2.346938775510204245e+00
-2.142857142857142794e+00
-1.938775510204081343e+00
-1.734693877551020336e+00
-1.530612244897959329e+00
-1.326530612244897878e+00
-1.122448979591836427e+00
-9.183673469387754196e-01
-7.142857142857144126e-01
-5.102040816326525174e-01
-3.061224489795915105e-01
-1.020408163265305035e-01
1.020408163265305035e-01
3.061224489795915105e-01
5.102040816326534056e-01
7.142857142857144126e-01
9.183673469387754196e-01
1.122448979591837315e+00
1.326530612244898322e+00
1.530612244897959329e+00
1.734693877551020336e+00
1.938775510204081343e+00
2.142857142857143238e+00
2.346938775510204245e+00
2.551020408163265252e+00
2.755102040816327147e+00
2.959183673469388154e+00
3.163265306122449161e+00
3.367346938775510168e+00
3.571428571428571175e+00
3.775510204081632182e+00
3.979591836734694965e+00
4.183673469387755972e+00
4.387755102040816979e+00
4.591836734693877986e+00
4.795918367346938993e+00
5.000000000000000000e+00
