1.000000000000000000e+00
9.000000000000001332e-01
9.000000000000001332e-01
9.000000000000001332e-01
9.000000000000001332e-01
9.000000000000001332e-01
9.000000000000001332e-01
9.000000000000001332e-01
9.000000000000001332e-01
9.000000000000001332e-01
7.999999999999999334e-01
7.999999999999999334e-01
7.999999999999999334e-01
7.000000000000000666e-01
7.000000000000000666e-01
5.999999999999998668e-01
5.999999999999998668e-01
5.999999999999998668e-01
5.999999999999998668e-01
5.999999999999998668e-01
5.000000000000000000e-01
5.000000000000000000e-01
3.999999999999999667e-01
3.999999999999999667e-01
3.999999999999999667e-01
5.999999999999998668e-01
5.999999999999998668e-01
7.000000000000000666e-01
7.000000000000000666e-01
7.000000000000000666e-01
7.999999999999999334e-01
7.999999999999999334e-01
7.999999999999999334e-01
7.999999999999999334e-01
7.999999999999999334e-01
7.999999999999999334e-01
9.000000000000001332e-01
9.000000000000001332e-01
9.000000000000001332e-01
9.000000000000001332e-01
9.000000000000001332e-01
9.000000000000001332e-01
1.000000000000000000e+00
1.000000000000000000e+00
1.000000000000000000e+00
1.000000000000000000e+00
1.000000000000000000e+00
1.000000000000000000e+00
1.000000000000000000e+00
1.000000000000000000e+00
