0.000000000000000000e+00
6.122448979591836178e+02
1.224489795918367236e+03
1.836734693877550853e+03
2.448979591836734471e+03
3.061224489795918089e+03
3.673469387755101707e+03
4.285714285714285325e+03
4.897959183673468942e+03
5.510204081632652560e+03
6.122448979591836178e+03
6.734693877551019796e+03
7.346938775510203413e+03
7.959183673469387031e+03
8.571428571428570649e+03
9.183673469387755176e+03
9.795918367346937885e+03
1.040816326530612059e+04
1.102040816326530512e+04
1.163265306122448965e+04
1.224489795918367236e+04
1.285714285714285506e+04
1.346938775510203959e+04
1.408163265306122412e+04
1.469387755102040683e+04
1.530612244897958954e+04
1.591836734693877406e+04
1.653061224489795859e+04
1.714285714285714130e+04
1.775510204081632401e+04
1.836734693877551035e+04
1.897959183673469306e+04
1.959183673469387577e+04
2.020408163265305848e+04
2.081632653061224119e+04
2.142857142857142753e+04
2.204081632653061024e+04
2.265306122448979295e+04
2.326530612244897929e+04
2.387755102040816200e+04
2.448979591836734471e+04
2.510204081632652742e+04
2.571428571428571013e+04
2.632653061224489647e+04
2.693877551020407918e+04
2.755102040816326189e+04
2.816326530612244824e+04
2.877551020408163095e+04
2.938775510204081365e+04
3.000000000000000000e+04
