1.000000000000000000e+00
9.938888888888890438e-01
9.883333333333332860e-01
9.833333333333331705e-01
9.833333333333331705e-01
9.794444444444444509e-01
9.727777777777776302e-01
9.711111111111108141e-01
9.705555555555556158e-01
9.666666666666667851e-01
9.627777777777775103e-01
9.566666666666666652e-01
9.527777777777777235e-01
9.577777777777777279e-01
9.488888888888888928e-01
9.505555555555552649e-01
9.472222222222221877e-01
9.344444444444445219e-01
9.344444444444445219e-01
9.266666666666667496e-01
9.238888888888890927e-01
9.261111111111111072e-01
9.177777777777779145e-01
9.166666666666667407e-01
9.183333333333333348e-01
9.216666666666666341e-01
9.083333333333334370e-01
8.972222222222223653e-01
8.916666666666668295e-01
8.850000000000001199e-01
8.872222222222223564e-01
8.772222222222222365e-01
8.844444444444446995e-01
8.816666666666668206e-01
8.877777777777777768e-01
8.805555555555557579e-01
8.783333333333335213e-01
8.650000000000002132e-01
8.461111111111112582e-01
8.588888888888890349e-01
8.672222222222224497e-01
8.366666666666668917e-01
8.483333333333333837e-01
8.361111111111114713e-01
8.355555555555558289e-01
8.472222222222225430e-01
8.305555555555557135e-01
8.188888888888892215e-01
8.255555555555558200e-01
8.250000000000001776e-01
8.172222222222224053e-01
8.183333333333335791e-01
8.227777777777779411e-01
8.150000000000003908e-01
8.105555555555558067e-01
8.105555555555558067e-01
8.133333333333334636e-01
8.188888888888892215e-01
8.000000000000001554e-01
8.055555555555556912e-01
7.972222222222223875e-01
8.027777777777780344e-01
7.944444444444447306e-01
7.961111111111114358e-01
7.972222222222223875e-01
7.838888888888890794e-01
7.916666666666668517e-01
7.738888888888890705e-01
7.938888888888891993e-01
7.772222222222223698e-01
7.822222222222224852e-01
7.900000000000002576e-01
7.800000000000001377e-01
7.761111111111114180e-01
7.694444444444445974e-01
7.816666666666669538e-01
7.661111111111111871e-01
7.900000000000002576e-01
7.744444444444447129e-01
7.772222222222222587e-01
7.794444444444444953e-01
8.011111111111111072e-01
7.705555555555555491e-01
7.972222222222224985e-01
7.694444444444445974e-01
7.911111111111112093e-01
7.927777777777780255e-01
7.905555555555559000e-01
7.955555555555557934e-01
7.744444444444447129e-01
7.888888888888889728e-01
8.016666666666667496e-01
8.038888888888890971e-01
7.866666666666667362e-01
7.877777777777777990e-01
7.911111111111113203e-01
7.927777777777780255e-01
7.777777777777780122e-01
8.211111111111113470e-01
8.000000000000000444e-01
8.116666666666668695e-01
7.961111111111112137e-01
7.883333333333336634e-01
8.000000000000001554e-01
8.033333333333336768e-01
8.227777777777779411e-01
8.233333333333335835e-01
8.122222222222225119e-01
8.150000000000001688e-01
8.088888888888892126e-01
8.144444444444447484e-01
8.222222222222225207e-01
8.272222222222224142e-01
8.205555555555557046e-01
8.355555555555558289e-01
8.388888888888891282e-01
8.455555555555557268e-01
8.261111111111112404e-01
8.361111111111112493e-01
8.533333333333334991e-01
8.350000000000001865e-01
8.361111111111112493e-01
8.405555555555558334e-01
8.483333333333333837e-01
8.316666666666667762e-01
8.427777777777780699e-01
8.594444444444444553e-01
8.527777777777780788e-01
8.466666666666666785e-01
8.550000000000002043e-01
8.594444444444446773e-01
8.561111111111111560e-01
8.611111111111113825e-01
8.566666666666666874e-01
8.633333333333335080e-01
8.594444444444446773e-01
8.705555555555557490e-01
8.622222222222223342e-01
8.727777777777779855e-01
8.766666666666669272e-01
8.744444444444445796e-01
8.822222222222222410e-01
8.766666666666667052e-01
8.800000000000002265e-01
8.655555555555556335e-01
8.794444444444445841e-01
8.938888888888889550e-01
8.816666666666668206e-01
8.816666666666670427e-01
8.894444444444445930e-01
8.938888888888888440e-01
8.855555555555557623e-01
8.994444444444447129e-01
8.955555555555555491e-01
9.105555555555555625e-01
8.944444444444445974e-01
9.083333333333334370e-01
9.022222222222223698e-01
9.077777777777779056e-01
9.016666666666667274e-01
9.011111111111110850e-01
9.083333333333334370e-01
9.250000000000001554e-01
9.266666666666667496e-01
9.338888888888888795e-01
9.200000000000001510e-01
9.227777777777778079e-01
9.216666666666668561e-01
9.316666666666666430e-01
9.266666666666667496e-01
9.350000000000001643e-01
9.338888888888888795e-01
9.366666666666665364e-01
9.349999999999999423e-01
9.499999999999999556e-01
9.400000000000000577e-01
9.522222222222220811e-01
9.544444444444442066e-01
9.533333333333331439e-01
9.549999999999998490e-01
9.549999999999998490e-01
9.616666666666666696e-01
9.694444444444443310e-01
9.566666666666664431e-01
9.655555555555557223e-01
9.688888888888890216e-01
9.638888888888889062e-01
9.677777777777777368e-01
9.694444444444444420e-01
9.677777777777775148e-01
9.816666666666666874e-01
9.755555555555555092e-01
9.822222222222221077e-01
9.849999999999997646e-01
9.849999999999997646e-01
9.905555555555555225e-01
9.938888888888890438e-01
9.877777777777776436e-01
9.922222222222221166e-01
9.899999999999996581e-01
9.911111111111109429e-01
9.861111111111109384e-01
9.755555555555556202e-01
9.766666666666667940e-01
9.688888888888887996e-01
9.688888888888890216e-01
9.622222222222222010e-01
9.616666666666665586e-01
9.611111111111110272e-01
9.538888888888887863e-01
9.499999999999999556e-01
9.594444444444443221e-01
9.394444444444444153e-01
9.377777777777778212e-01
9.394444444444444153e-01
9.355555555555554736e-01
9.327777777777777057e-01
9.366666666666667584e-01
9.299999999999999378e-01
9.244444444444445130e-01
9.211111111111112137e-01
9.261111111111111072e-01
9.122222222222223786e-01
9.072222222222222632e-01
9.061111111111112004e-01
8.977777777777780077e-01
9.044444444444446063e-01
8.916666666666668295e-01
9.000000000000000222e-01
8.900000000000000133e-01
8.927777777777778923e-01
8.805555555555557579e-01
8.916666666666668295e-01
8.677777777777778700e-01
8.700000000000003286e-01
8.572222222222224408e-01
8.688888888888890438e-01
8.683333333333334014e-01
8.672222222222222276e-01
8.483333333333333837e-01
8.488888888888890261e-01
8.455555555555557268e-01
8.405555555555557223e-01
8.350000000000001865e-01
8.144444444444447484e-01
8.111111111111114491e-01
8.022222222222223920e-01
8.127777777777780432e-01
8.038888888888890971e-01
8.100000000000002753e-01
8.300000000000002931e-01
8.272222222222224142e-01
8.438888888888890216e-01
8.377777777777779544e-01
8.422222222222224275e-01
8.688888888888890438e-01
8.594444444444446773e-01
8.627777777777779766e-01
8.550000000000002043e-01
8.716666666666670338e-01
8.777777777777779900e-01
8.794444444444445841e-01
8.694444444444444642e-01
8.877777777777779988e-01
8.744444444444445796e-01
8.911111111111111871e-01
8.850000000000001199e-01
8.905555555555558778e-01
9.044444444444446063e-01
9.038888888888889639e-01
9.105555555555555625e-01
9.122222222222221566e-01
9.111111111111112049e-01
9.200000000000001510e-01
9.088888888888890794e-01
9.172222222222222721e-01
9.111111111111110938e-01
9.288888888888889861e-01
9.294444444444444065e-01
9.366666666666667584e-01
9.372222222222221788e-01
9.427777777777774926e-01
9.349999999999999423e-01
9.438888888888887774e-01
9.499999999999999556e-01
9.550000000000000711e-01
9.661111111111109206e-01
9.616666666666665586e-01
9.627777777777776214e-01
9.644444444444444375e-01
9.699999999999999734e-01
9.694444444444443310e-01
9.800000000000000933e-01
9.788888888888891415e-01
9.816666666666666874e-01
9.911111111111111649e-01
9.899999999999998801e-01
9.938888888888885997e-01
1.000000000000000000e+00
1.000000000000000000e+00
