1.000000000000000000e+00
9.966555183946487206e-01
9.933110367892976633e-01
9.899665551839463840e-01
9.866220735785953266e-01
9.832775919732440473e-01
9.799331103678929900e-01
9.765886287625417106e-01
9.732441471571906533e-01
9.698996655518393739e-01
9.665551839464883166e-01
9.632107023411370372e-01
9.598662207357859799e-01
9.565217391304347005e-01
9.531772575250836432e-01
9.498327759197323639e-01
9.464882943143813065e-01
9.431438127090300272e-01
9.397993311036789699e-01
9.364548494983276905e-01
9.331103678929766332e-01
9.297658862876253538e-01
9.264214046822742965e-01
9.230769230769230171e-01
9.197324414715719598e-01
9.163879598662206805e-01
9.130434782608696231e-01
9.096989966555183438e-01
9.063545150501672865e-01
9.030100334448160071e-01
8.996655518394648388e-01
8.963210702341136704e-01
8.929765886287626131e-01
8.896321070234113337e-01
8.862876254180601654e-01
8.829431438127089971e-01
8.795986622073579397e-01
8.762541806020066604e-01
8.729096989966554920e-01
8.695652173913043237e-01
8.662207357859531554e-01
8.628762541806019870e-01
8.595317725752508187e-01
8.561872909698996503e-01
8.528428093645484820e-01
8.494983277591973136e-01
8.461538461538461453e-01
8.428093645484949770e-01
8.394648829431438086e-01
8.361204013377926403e-01
8.327759197324414719e-01
8.294314381270903036e-01
8.260869565217391353e-01
8.227424749163879669e-01
8.193979933110367986e-01
8.160535117056856302e-01
8.127090301003344619e-01
8.093645484949831825e-01
8.060200668896321252e-01
8.026755852842809569e-01
7.993311036789297885e-01
7.959866220735785092e-01
7.926421404682274519e-01
7.892976588628762835e-01
7.859531772575251152e-01
7.826086956521738358e-01
7.792642140468227785e-01
7.759197324414716102e-01
7.725752508361204418e-01
7.692307692307691624e-01
7.658862876254181051e-01
7.625418060200669368e-01
7.591973244147157684e-01
7.558528428093644891e-01
7.525083612040134318e-01
7.491638795986621524e-01
7.458193979933109841e-01
7.424749163879598157e-01
7.391304347826086474e-01
7.357859531772574790e-01
7.324414715719063107e-01
7.290969899665551424e-01
7.257525083612039740e-01
7.224080267558528057e-01
7.190635451505016373e-01
7.157190635451504690e-01
7.123745819397993007e-01
7.090301003344481323e-01
7.056856187290969640e-01
7.023411371237457956e-01
6.989966555183946273e-01
6.956521739130434590e-01
6.989966555183946273e-01
7.023411371237457956e-01
7.056856187290969640e-01
7.090301003344481323e-01
7.123745819397993007e-01
7.157190635451504690e-01
7.190635451505016373e-01
7.224080267558528057e-01
7.257525083612039740e-01
7.290969899665551424e-01
7.324414715719063107e-01
7.357859531772574790e-01
7.391304347826086474e-01
7.424749163879598157e-01
7.458193979933109841e-01
7.491638795986621524e-01
7.525083612040133207e-01
7.558528428093644891e-01
7.591973244147156574e-01
7.625418060200668258e-01
7.658862876254181051e-01
7.692307692307692735e-01
7.725752508361204418e-01
7.759197324414716102e-01
7.792642140468227785e-01
7.826086956521739468e-01
7.859531772575251152e-01
7.892976588628762835e-01
7.926421404682274519e-01
7.959866220735786202e-01
7.993311036789297885e-01
8.026755852842809569e-01
8.060200668896321252e-01
8.093645484949832936e-01
8.127090301003344619e-01
8.160535117056856302e-01
8.193979933110367986e-01
8.227424749163879669e-01
8.260869565217391353e-01
8.294314381270903036e-01
8.327759197324414719e-01
8.361204013377926403e-01
8.394648829431438086e-01
8.428093645484949770e-01
8.461538461538461453e-01
8.494983277591973136e-01
8.528428093645484820e-01
8.561872909698996503e-01
8.595317725752508187e-01
8.628762541806019870e-01
8.662207357859531554e-01
8.695652173913043237e-01
8.729096989966554920e-01
8.762541806020066604e-01
8.795986622073578287e-01
8.829431438127089971e-01
8.862876254180601654e-01
8.896321070234113337e-01
8.929765886287625021e-01
8.963210702341136704e-01
8.996655518394648388e-01
9.030100334448160071e-01
9.063545150501671754e-01
9.096989966555183438e-01
9.130434782608695121e-01
9.163879598662206805e-01
9.197324414715718488e-01
9.230769230769230171e-01
9.264214046822741855e-01
9.297658862876253538e-01
9.331103678929765222e-01
9.364548494983276905e-01
9.397993311036788588e-01
9.431438127090300272e-01
9.464882943143811955e-01
9.498327759197323639e-01
9.531772575250835322e-01
9.565217391304347005e-01
9.598662207357858689e-01
9.632107023411370372e-01
9.665551839464882056e-01
9.698996655518393739e-01
9.732441471571905423e-01
9.765886287625417106e-01
9.799331103678929900e-01
9.832775919732441583e-01
9.866220735785953266e-01
9.899665551839464950e-01
9.933110367892976633e-01
9.966555183946488317e-01
1.000000000000000000e+00
9.966555183946488317e-01
9.933110367892976633e-01
9.899665551839464950e-01
9.866220735785953266e-01
9.832775919732441583e-01
9.799331103678929900e-01
9.765886287625418216e-01
9.732441471571906533e-01
9.698996655518394849e-01
9.665551839464883166e-01
9.632107023411371483e-01
9.598662207357859799e-01
9.565217391304348116e-01
9.531772575250836432e-01
9.498327759197324749e-01
9.464882943143813065e-01
9.431438127090301382e-01
9.397993311036789699e-01
9.364548494983276905e-01
9.331103678929766332e-01
9.297658862876253538e-01
9.264214046822742965e-01
9.230769230769230171e-01
9.197324414715719598e-01
9.163879598662206805e-01
9.130434782608696231e-01
9.096989966555183438e-01
9.063545150501672865e-01
9.030100334448160071e-01
8.996655518394649498e-01
8.963210702341136704e-01
8.929765886287626131e-01
8.896321070234113337e-01
8.862876254180602764e-01
8.829431438127089971e-01
8.795986622073579397e-01
8.762541806020066604e-01
8.729096989966556031e-01
8.695652173913043237e-01
8.662207357859532664e-01
8.628762541806019870e-01
8.595317725752508187e-01
8.561872909698996503e-01
8.528428093645484820e-01
8.494983277591973136e-01
8.461538461538461453e-01
8.428093645484949770e-01
8.394648829431438086e-01
8.361204013377926403e-01
8.327759197324414719e-01
8.294314381270903036e-01
8.260869565217391353e-01
8.227424749163879669e-01
8.193979933110367986e-01
8.160535117056856302e-01
8.127090301003344619e-01
8.093645484949832936e-01
8.060200668896321252e-01
8.060200668896321252e-01
8.093645484949832936e-01
8.127090301003344619e-01
8.160535117056856302e-01
8.193979933110367986e-01
8.227424749163879669e-01
8.260869565217391353e-01
8.294314381270903036e-01
8.327759197324414719e-01
8.361204013377926403e-01
8.394648829431438086e-01
8.428093645484949770e-01
8.461538461538461453e-01
8.494983277591973136e-01
8.528428093645484820e-01
8.561872909698996503e-01
8.595317725752509297e-01
8.628762541806019870e-01
8.662207357859532664e-01
8.695652173913043237e-01
8.729096989966556031e-01
8.762541806020066604e-01
8.795986622073579397e-01
8.829431438127089971e-01
8.862876254180602764e-01
8.896321070234113337e-01
8.929765886287626131e-01
8.963210702341136704e-01
8.996655518394649498e-01
9.030100334448160071e-01
9.063545150501672865e-01
9.096989966555183438e-01
9.130434782608696231e-01
9.163879598662206805e-01
9.197324414715719598e-01
9.230769230769230171e-01
9.264214046822742965e-01
9.297658862876253538e-01
9.331103678929766332e-01
9.364548494983276905e-01
9.397993311036789699e-01
9.431438127090300272e-01
9.464882943143813065e-01
9.498327759197323639e-01
9.531772575250836432e-01
9.565217391304347005e-01
9.598662207357859799e-01
9.632107023411370372e-01
9.665551839464883166e-01
9.698996655518395960e-01
9.732441471571906533e-01
9.765886287625419326e-01
9.799331103678929900e-01
9.832775919732442693e-01
9.866220735785953266e-01
9.899665551839466060e-01
9.933110367892976633e-01
9.966555183946489427e-01
1.000000000000000000e+00
