3.300000000000000155e-01
3.301262626262626565e-01
3.302525252525252419e-01
3.303787878787878829e-01
3.305050505050505238e-01
3.306313131313131648e-01
3.307575757575757502e-01
3.308838383838383912e-01
3.310101010101010321e-01
3.311363636363636731e-01
3.312626262626262585e-01
3.313888888888888995e-01
3.315151515151515405e-01
3.316414141414141814e-01
3.317676767676767668e-01
3.318939393939394078e-01
3.320202020202020488e-01
3.321464646464646897e-01
3.322727272727272751e-01
3.323989898989899161e-01
3.325252525252525571e-01
3.326515151515151425e-01
3.327777777777777835e-01
3.329040404040404244e-01
3.330303030303030654e-01
3.331565656565656508e-01
3.332828282828282918e-01
3.334090909090909327e-01
3.335353535353535737e-01
3.336616161616161591e-01
3.337878787878788001e-01
3.339141414141414410e-01
3.340404040404040820e-01
3.341666666666666674e-01
3.342929292929293084e-01
3.344191919191919493e-01
3.345454545454545903e-01
3.346717171717171757e-01
3.347979797979798167e-01
3.349242424242424576e-01
3.350505050505050431e-01
3.351767676767676840e-01
3.353030303030303250e-01
3.354292929292929659e-01
3.355555555555555514e-01
3.356818181818181923e-01
3.358080808080808333e-01
3.359343434343434742e-01
3.360606060606060597e-01
3.361868686868687006e-01
3.363131313131313416e-01
3.364393939393939825e-01
3.365656565656565680e-01
3.366919191919192089e-01
3.368181818181818499e-01
3.369444444444444908e-01
3.370707070707070763e-01
3.371969696969697172e-01
3.373232323232323582e-01
3.374494949494949436e-01
3.375757575757575846e-01
3.377020202020202255e-01
3.378282828282828665e-01
3.379545454545454519e-01
3.380808080808080929e-01
3.382070707070707338e-01
3.383333333333333748e-01
3.384595959595959602e-01
3.385858585858586012e-01
3.387121212121212421e-01
3.388383838383838831e-01
3.389646464646464685e-01
3.390909090909091095e-01
3.392171717171717504e-01
3.393434343434343914e-01
3.394696969696969768e-01
3.395959595959596178e-01
3.397222222222222587e-01
3.398484848484848442e-01
3.399747474747474851e-01
3.401010101010101261e-01
3.402272727272727670e-01
3.403535353535353525e-01
3.404797979797979934e-01
3.406060606060606344e-01
3.407323232323232753e-01
3.408585858585858608e-01
3.409848484848485017e-01
3.411111111111111427e-01
3.412373737373737836e-01
3.413636363636363691e-01
3.414898989898990100e-01
3.416161616161616510e-01
3.417424242424242919e-01
3.418686868686868774e-01
3.419949494949495183e-01
3.421212121212121593e-01
3.422474747474748002e-01
3.423737373737373857e-01
3.425000000000000266e-01
