2.999999999999999889e-01
3.004292929292929348e-01
3.008585858585858253e-01
3.012878787878787712e-01
3.017171717171717171e-01
3.021464646464646631e-01
3.025757575757575535e-01
3.030050505050504994e-01
3.034343434343434454e-01
3.038636363636363358e-01
3.042929292929292817e-01
3.047222222222222276e-01
3.051515151515151181e-01
3.055808080808080640e-01
3.060101010101010099e-01
3.064393939393939559e-01
3.068686868686868463e-01
3.072979797979797922e-01
3.077272727272727382e-01
3.081565656565656286e-01
3.085858585858585745e-01
3.090151515151515205e-01
3.094444444444444664e-01
3.098737373737373568e-01
3.103030303030303028e-01
3.107323232323232487e-01
3.111616161616161391e-01
3.115909090909090851e-01
3.120202020202020310e-01
3.124494949494949214e-01
3.128787878787878673e-01
3.133080808080808133e-01
3.137373737373737592e-01
3.141666666666666496e-01
3.145959595959595956e-01
3.150252525252525415e-01
3.154545454545454319e-01
3.158838383838383779e-01
3.163131313131313238e-01
3.167424242424242697e-01
3.171717171717171602e-01
3.176010101010101061e-01
3.180303030303030520e-01
3.184595959595959425e-01
3.188888888888888884e-01
3.193181818181818343e-01
3.197474747474747803e-01
3.201767676767676707e-01
3.206060606060606166e-01
3.210353535353535626e-01
3.214646464646464530e-01
3.218939393939393989e-01
3.223232323232323449e-01
3.227525252525252908e-01
3.231818181818181812e-01
3.236111111111111271e-01
3.240404040404040731e-01
3.244696969696969635e-01
3.248989898989899094e-01
3.253282828282828554e-01
3.257575757575757458e-01
3.261868686868686917e-01
3.266161616161616377e-01
3.270454545454545836e-01
3.274747474747474740e-01
3.279040404040404200e-01
3.283333333333333659e-01
3.287626262626262563e-01
3.291919191919192023e-01
3.296212121212121482e-01
3.300505050505050386e-01
3.304797979797979846e-01
3.309090909090909305e-01
3.313383838383838764e-01
3.317676767676767668e-01
3.321969696969697128e-01
3.326262626262626587e-01
3.330555555555555491e-01
3.334848484848484951e-01
3.339141414141414410e-01
3.343434343434343869e-01
3.347727272727272774e-01
3.352020202020202233e-01
3.356313131313131692e-01
3.360606060606060597e-01
3.364898989898990056e-01
3.369191919191919515e-01
3.373484848484848975e-01
3.377777777777777879e-01
3.382070707070707338e-01
3.386363636363636798e-01
3.390656565656565702e-01
3.394949494949495161e-01
3.399242424242424621e-01
3.403535353535354080e-01
3.407828282828282984e-01
3.412121212121212444e-01
3.416414141414141903e-01
3.420707070707070807e-01
3.425000000000000266e-01
