1.000000000000000000e+00
1.000000000000000000e+00
1.000000000000000000e+00
1.000000000000000000e+00
1.000000000000000000e+00
1.000000000000000000e+00
1.000000000000000000e+00
1.000000000000000000e+00
1.000000000000000000e+00
1.000000000000000000e+00
1.000000000000000000e+00
9.499999999999995115e-01
8.999999999999995781e-01
8.500000000000003109e-01
8.500000000000003109e-01
8.000000000000003775e-01
8.000000000000003775e-01
8.000000000000003775e-01
7.500000000000000000e-01
7.500000000000000000e-01
6.999999999999996225e-01
6.999999999999996225e-01
6.499999999999999112e-01
6.499999999999999112e-01
6.499999999999999112e-01
6.499999999999999112e-01
5.999999999999999778e-01
8.033333333333337878e-01
8.033333333333337878e-01
8.033333333333337878e-01
8.033333333333337878e-01
8.033333333333337878e-01
8.033333333333337878e-01
8.033333333333337878e-01
8.033333333333337878e-01
8.033333333333337878e-01
8.033333333333337878e-01
8.533333333333336101e-01
8.533333333333336101e-01
8.533333333333336101e-01
9.033333333333328774e-01
9.033333333333328774e-01
9.033333333333328774e-01
9.033333333333328774e-01
9.033333333333328774e-01
9.533333333333329218e-01
9.533333333333329218e-01
9.533333333333329218e-01
9.533333333333329218e-01
9.966666666666665897e-01
9.966666666666665897e-01
9.966666666666665897e-01
9.466666666666662122e-01
9.466666666666662122e-01
9.466666666666662122e-01
9.466666666666662122e-01
9.466666666666662122e-01
9.466666666666662122e-01
9.466666666666662122e-01
9.466666666666662122e-01
9.466666666666662122e-01
9.466666666666662122e-01
9.466666666666662122e-01
9.466666666666662122e-01
9.466666666666662122e-01
9.466666666666662122e-01
8.966666666666662788e-01
8.966666666666662788e-01
8.966666666666662788e-01
8.966666666666662788e-01
8.966666666666662788e-01
8.466666666666671226e-01
8.466666666666671226e-01
7.500000000000000000e-01
7.500000000000000000e-01
7.500000000000000000e-01
7.500000000000000000e-01
7.500000000000000000e-01
8.000000000000003775e-01
8.000000000000003775e-01
8.000000000000003775e-01
8.000000000000003775e-01
8.000000000000003775e-01
8.000000000000003775e-01
8.000000000000003775e-01
8.000000000000003775e-01
8.500000000000003109e-01
8.500000000000003109e-01
8.999999999999995781e-01
8.999999999999995781e-01
8.999999999999995781e-01
9.499999999999995115e-01
9.499999999999995115e-01
1.000000000000000000e+00
1.000000000000000000e+00
1.000000000000000000e+00
1.000000000000000000e+00
1.000000000000000000e+00
1.000000000000000000e+00
1.000000000000000000e+00
