1.000000000000000000e+00
9.958333333333335702e-01
9.913888888888892081e-01
9.869444444444448461e-01
9.813888888888890882e-01
9.788888888888890305e-01
9.749999999999999778e-01
9.724999999999999201e-01
9.672222222222219834e-01
9.677777777777775148e-01
9.680555555555552250e-01
9.569444444444443754e-01
9.602777777777774526e-01
9.533333333333329218e-01
9.455555555555553715e-01
9.383333333333332416e-01
9.377777777777775992e-01
9.341666666666665897e-01
9.322222222222221744e-01
9.280555555555557445e-01
9.286111111111111649e-01
9.227777777777781409e-01
9.177777777777779145e-01
9.113888888888889150e-01
9.124999999999999778e-01
9.086111111111111471e-01
8.991666666666664476e-01
8.961111111111113026e-01
8.944444444444443754e-01
8.838888888888888351e-01
8.941666666666668872e-01
8.836111111111112359e-01
8.830555555555555935e-01
8.769444444444445264e-01
8.725000000000000533e-01
8.783333333333335213e-01
8.733333333333336279e-01
8.711111111111109473e-01
8.647222222222221699e-01
8.524999999999999245e-01
8.538888888888889195e-01
8.566666666666666874e-01
8.508333333333333304e-01
8.441666666666667318e-01
8.522222222222223253e-01
8.327777777777779500e-01
8.483333333333333837e-01
8.297222222222223609e-01
8.311111111111112448e-01
8.322222222222224186e-01
8.399999999999998579e-01
8.349999999999998535e-01
8.238888888888891149e-01
8.244444444444443132e-01
8.213888888888889461e-01
8.194444444444444198e-01
8.169444444444443620e-01
8.038888888888889861e-01
8.074999999999996625e-01
8.205555555555555935e-01
8.150000000000000577e-01
8.124999999999998890e-01
8.119444444444445796e-01
8.205555555555555935e-01
8.216666666666666563e-01
7.983333333333333393e-01
8.125000000000000000e-01
8.041666666666665853e-01
7.980555555555555181e-01
8.088888888888889905e-01
8.119444444444444686e-01
8.055555555555555802e-01
8.041666666666668073e-01
8.122222222222220678e-01
8.152777777777777679e-01
8.030555555555555225e-01
8.044444444444442954e-01
7.925000000000002043e-01
8.033333333333332327e-01
8.033333333333332327e-01
8.113888888888889372e-01
8.133333333333331305e-01
8.038888888888888751e-01
8.113888888888888262e-01
8.169444444444445841e-01
8.088888888888888795e-01
8.191666666666664876e-01
8.102777777777777635e-01
8.183333333333334680e-01
8.152777777777777679e-01
8.055555555555555802e-01
8.216666666666666563e-01
8.155555555555554781e-01
8.144444444444445264e-01
8.183333333333333570e-01
8.194444444444445308e-01
8.152777777777777679e-01
8.194444444444444198e-01
8.258333333333333082e-01
8.327777777777778390e-01
8.222222222222221877e-01
8.383333333333334858e-01
8.266666666666665497e-01
8.355555555555557179e-01
8.391666666666666163e-01
8.377777777777776214e-01
8.361111111111111382e-01
8.341666666666667229e-01
8.372222222222222010e-01
8.441666666666666208e-01
8.422222222222222054e-01
8.447222222222221522e-01
8.416666666666666741e-01
8.433333333333333792e-01
8.480555555555555625e-01
8.449999999999999734e-01
8.486111111111110938e-01
8.502777777777780210e-01
8.480555555555556735e-01
8.586111111111111027e-01
8.580555555555553493e-01
8.602777777777776969e-01
8.666666666666668073e-01
8.658333333333332327e-01
8.652777777777778123e-01
8.638888888888888173e-01
8.672222222222222276e-01
8.700000000000002176e-01
8.688888888888889328e-01
8.747222222222220678e-01
8.672222222222223387e-01
8.691666666666667540e-01
8.772222222222220145e-01
8.774999999999998357e-01
8.752777777777775992e-01
8.827777777777776613e-01
8.780555555555555891e-01
8.872222222222222454e-01
8.869444444444442022e-01
8.916666666666669405e-01
8.883333333333334192e-01
8.966666666666668339e-01
8.905555555555554337e-01
8.949999999999999067e-01
8.972222222222222543e-01
8.972222222222222543e-01
8.994444444444444908e-01
9.086111111111112582e-01
9.066666666666667318e-01
9.055555555555561131e-01
9.100000000000001421e-01
9.130555555555556202e-01
9.211111111111111027e-01
9.125000000000000888e-01
9.216666666666668561e-01
9.177777777777779145e-01
9.233333333333335613e-01
9.258333333333332860e-01
9.300000000000000488e-01
9.252777777777778656e-01
9.244444444444444020e-01
9.311111111111112226e-01
9.316666666666665320e-01
9.408333333333331883e-01
9.375000000000000000e-01
9.366666666666664254e-01
9.422222222222220722e-01
9.433333333333334680e-01
9.394444444444443043e-01
9.449999999999997291e-01
9.430555555555553138e-01
9.480555555555554292e-01
9.549999999999998490e-01
9.522222222222219701e-01
9.499999999999998446e-01
9.538888888888887863e-01
9.505555555555553759e-01
9.541666666666667185e-01
9.633333333333332638e-01
9.597222222222222543e-01
9.633333333333331527e-01
9.669444444444447173e-01
9.663888888888886308e-01
9.636111111111111960e-01
9.713888888888886353e-01
9.680555555555551139e-01
9.694444444444443310e-01
9.758333333333333304e-01
9.755555555555553982e-01
9.758333333333333304e-01
9.791666666666666297e-01
9.794444444444442288e-01
9.830555555555556824e-01
9.819444444444445086e-01
9.855555555555555181e-01
9.897222222222226140e-01
9.905555555555557445e-01
9.922222222222224497e-01
9.938888888888890438e-01
9.941666666666668650e-01
9.919444444444446285e-01
9.863888888888890927e-01
9.869444444444447351e-01
9.788888888888889195e-01
9.797222222222223831e-01
9.744444444444445574e-01
9.705555555555555047e-01
9.674999999999999156e-01
9.680555555555553360e-01
9.594444444444444331e-01
9.602777777777775636e-01
9.505555555555552649e-01
9.505555555555551539e-01
9.461111111111110139e-01
9.424999999999996714e-01
9.405555555555555891e-01
9.402777777777775459e-01
9.405555555555552560e-01
9.336111111111109473e-01
9.263888888888890394e-01
9.230555555555557401e-01
9.200000000000001510e-01
9.225000000000000977e-01
9.188888888888891993e-01
9.119444444444446685e-01
9.080555555555556158e-01
9.066666666666668428e-01
8.994444444444447129e-01
8.963888888888891238e-01
8.902777777777777235e-01
8.952777777777779500e-01
8.894444444444445930e-01
8.838888888888889461e-01
8.752777777777780432e-01
8.786111111111112315e-01
8.747222222222224008e-01
8.663888888888889861e-01
8.691666666666667540e-01
8.599999999999999867e-01
8.611111111111110494e-01
8.599999999999998757e-01
8.502777777777777990e-01
8.277777777777777235e-01
8.330555555555554381e-01
8.241666666666664920e-01
8.263888888888887285e-01
8.180555555555554248e-01
8.130555555555554204e-01
8.144444444444441933e-01
8.166666666666663188e-01
8.147222222222221255e-01
8.333333333333331483e-01
8.263888888888887285e-01
8.336111111111110805e-01
8.383333333333331527e-01
8.594444444444443443e-01
8.666666666666668073e-01
8.619444444444445130e-01
8.647222222222221699e-01
8.636111111111112182e-01
8.705555555555554159e-01
8.769444444444443043e-01
8.772222222222222365e-01
8.811111111111109562e-01
8.825000000000000622e-01
8.858333333333335835e-01
8.875000000000000666e-01
8.913888888888891193e-01
9.002777777777778434e-01
8.999999999999999112e-01
9.038888888888887418e-01
9.030555555555558334e-01
9.055555555555554470e-01
9.158333333333336101e-01
9.169444444444446729e-01
9.219444444444448994e-01
9.202777777777779722e-01
9.213888888888888129e-01
9.313888888888889328e-01
9.358333333333332948e-01
9.383333333333331305e-01
9.386111111111111738e-01
9.422222222222221832e-01
9.508333333333330861e-01
9.494444444444443132e-01
9.513888888888885065e-01
9.561111111111108007e-01
9.602777777777775636e-01
9.627777777777777324e-01
9.672222222222220944e-01
9.683333333333331572e-01
9.741666666666667362e-01
9.744444444444443354e-01
9.808333333333335569e-01
9.858333333333336723e-01
9.875000000000003775e-01
9.900000000000001021e-01
9.950000000000002176e-01
1.000000000000000000e+00
1.000000000000000000e+00
