1.000000000000000000e+00
1.000000000000000000e+00
9.870000000000002105e-01
9.730000000000003091e-01
9.530000000000002913e-01
9.390000000000000568e-01
9.150000000000001465e-01
9.000000000000000222e-01
8.819999999999998952e-01
8.609999999999999876e-01
8.279999999999999583e-01
8.300000000000001821e-01
8.199999999999999512e-01
8.040000000000000480e-01
8.000000000000001554e-01
7.939999999999998170e-01
7.949999999999997069e-01
7.929999999999999272e-01
8.029999999999999361e-01
8.030000000000001581e-01
8.110000000000000542e-01
8.139999999999999458e-01
8.320000000000000728e-01
8.440000000000000835e-01
8.579999999999999849e-01
8.680000000000001048e-01
8.819999999999998952e-01
8.959999999999999076e-01
9.080000000000001403e-01
9.139999999999998126e-01
9.249999999999997113e-01
9.349999999999998312e-01
9.329999999999999405e-01
9.410000000000000586e-01
9.399999999999998357e-01
9.469999999999998419e-01
9.469999999999997309e-01
9.630000000000005222e-01
9.680000000000004157e-01
9.590000000000002967e-01
9.749999999999999778e-01
9.839999999999998748e-01
9.940000000000001057e-01
9.880000000000001004e-01
9.600000000000004086e-01
9.900000000000001021e-01
1.000000000000000000e+00
1.000000000000000000e+00
1.000000000000000000e+00
9.500000000000006217e-01
9.500000000000006217e-01
9.500000000000006217e-01
8.999999999999991340e-01
8.999999999999991340e-01
8.999999999999991340e-01
8.999999999999991340e-01
8.999999999999991340e-01
8.999999999999991340e-01
8.999999999999991340e-01
8.999999999999991340e-01
8.999999999999991340e-01
8.999999999999991340e-01
8.999999999999991340e-01
8.999999999999991340e-01
8.999999999999991340e-01
8.999999999999991340e-01
8.500000000000007550e-01
8.500000000000007550e-01
8.500000000000007550e-01
8.500000000000007550e-01
8.500000000000007550e-01
7.999999999999997113e-01
7.500000000000000000e-01
7.500000000000000000e-01
7.500000000000000000e-01
7.500000000000000000e-01
7.500000000000000000e-01
7.500000000000000000e-01
7.999999999999997113e-01
7.999999999999997113e-01
7.999999999999997113e-01
7.999999999999997113e-01
7.999999999999997113e-01
7.999999999999997113e-01
7.999999999999997113e-01
7.999999999999997113e-01
8.500000000000007550e-01
8.500000000000007550e-01
8.999999999999991340e-01
8.999999999999991340e-01
8.999999999999991340e-01
9.500000000000006217e-01
9.500000000000006217e-01
1.000000000000000000e+00
1.000000000000000000e+00
1.000000000000000000e+00
1.000000000000000000e+00
1.000000000000000000e+00
1.000000000000000000e+00
1.000000000000000000e+00
