-2.000000000000000000e+00
-1.986622073578595327e+00
-1.973244147157190653e+00
-1.959866220735785980e+00
-1.946488294314381307e+00
-1.933110367892976633e+00
-1.919732441471571960e+00
-1.906354515050167286e+00
-1.892976588628762613e+00
-1.879598662207357940e+00
-1.866220735785953266e+00
-1.852842809364548593e+00
-1.839464882943143920e+00
-1.826086956521739246e+00
-1.812709030100334573e+00
-1.799331103678929678e+00
-1.785953177257525004e+00
-1.772575250836120331e+00
-1.759197324414715657e+00
-1.745819397993310984e+00
-1.732441471571906311e+00
-1.719063545150501637e+00
-1.705685618729096964e+00
-1.692307692307692291e+00
-1.678929765886287617e+00
-1.665551839464882944e+00
-1.652173913043478271e+00
-1.638795986622073597e+00
-1.625418060200668924e+00
-1.612040133779264250e+00
-1.598662207357859577e+00
-1.585284280936454904e+00
-1.571906354515050230e+00
-1.558528428093645557e+00
-1.545150501672240884e+00
-1.531772575250836210e+00
-1.518394648829431315e+00
-1.505016722408026641e+00
-1.491638795986621968e+00
-1.478260869565217295e+00
-1.464882943143812621e+00
-1.451505016722407948e+00
-1.438127090301003275e+00
-1.424749163879598601e+00
-1.411371237458193928e+00
-1.397993311036789255e+00
-1.384615384615384581e+00
-1.371237458193979908e+00
-1.357859531772575234e+00
-1.344481605351170561e+00
-1.331103678929765888e+00
-1.317725752508361214e+00
-1.304347826086956541e+00
-1.290969899665551868e+00
-1.277591973244147194e+00
-1.264214046822742521e+00
-1.250836120401337848e+00
-1.237458193979933174e+00
-1.224080267558528501e+00
-1.210702341137123828e+00
-1.197324414715719154e+00
-1.183946488294314481e+00
-1.170568561872909807e+00
-1.157190635451505134e+00
-1.143812709030100461e+00
-1.130434782608695787e+00
-1.117056856187291114e+00
-1.103678929765886441e+00
-1.090301003344481767e+00
-1.076923076923077094e+00
-1.063545150501672421e+00
-1.050167224080267525e+00
-1.036789297658862852e+00
-1.023411371237458178e+00
-1.010033444816053505e+00
-9.966555183946488317e-01
-9.832775919732441583e-01
-9.698996655518394849e-01
-9.565217391304348116e-01
-9.431438127090301382e-01
-9.297658862876254648e-01
-9.163879598662207915e-01
-9.030100334448161181e-01
-8.896321070234114448e-01
-8.762541806020067714e-01
-8.628762541806020980e-01
-8.494983277591974247e-01
-8.361204013377927513e-01
-8.227424749163880779e-01
-8.093645484949834046e-01
-7.959866220735785092e-01
-7.826086956521738358e-01
-7.692307692307691624e-01
-7.558528428093644891e-01
-7.424749163879598157e-01
-7.290969899665551424e-01
-7.157190635451504690e-01
-7.023411371237457956e-01
-6.889632107023411223e-01
-6.755852842809364489e-01
-6.622073578595317755e-01
-6.488294314381271022e-01
-6.354515050167224288e-01
-6.220735785953177555e-01
-6.086956521739130821e-01
-5.953177257525084087e-01
-5.819397993311037354e-01
-5.685618729096990620e-01
-5.551839464882943886e-01
-5.418060200668897153e-01
-5.284280936454850419e-01
-5.150501672240803686e-01
-5.016722408026756952e-01
-4.882943143812710218e-01
-4.749163879598663485e-01
-4.615384615384616751e-01
-4.481605351170567797e-01
-4.347826086956521063e-01
-4.214046822742474330e-01
-4.080267558528427596e-01
-3.946488294314380862e-01
-3.812709030100334129e-01
-3.678929765886287395e-01
-3.545150501672240662e-01
-3.411371237458193928e-01
-3.277591973244147194e-01
-3.143812709030100461e-01
-3.010033444816053727e-01
-2.876254180602006993e-01
-2.742474916387960260e-01
-2.608695652173913526e-01
-2.474916387959866793e-01
-2.341137123745820059e-01
-2.207357859531773325e-01
-2.073578595317726592e-01
-1.939799331103679858e-01
-1.806020066889633124e-01
-1.672240802675586391e-01
-1.538461538461539657e-01
-1.404682274247492924e-01
-1.270903010033446190e-01
-1.137123745819397236e-01
-1.003344481605350502e-01
-8.695652173913037686e-02
-7.357859531772570350e-02
-6.020066889632103013e-02
-4.682274247491635677e-02
-3.344481605351168341e-02
-2.006688963210701004e-02
-6.688963210702336681e-03
6.688963210702336681e-03
2.006688963210701004e-02
3.344481605351168341e-02
4.682274247491635677e-02
6.020066889632103013e-02
7.357859531772570350e-02
8.695652173913037686e-02
1.003344481605350502e-01
1.137123745819397236e-01
1.270903010033443969e-01
1.404682274247490703e-01
1.538461538461537437e-01
1.672240802675584170e-01
1.806020066889630904e-01
1.939799331103677638e-01
2.073578595317724371e-01
2.207357859531771105e-01
2.341137123745817838e-01
2.474916387959864572e-01
2.608695652173911306e-01
2.742474916387958039e-01
2.876254180602004773e-01
3.010033444816051507e-01
3.143812709030098240e-01
3.277591973244144974e-01
3.411371237458191708e-01
3.545150501672238441e-01
3.678929765886285175e-01
3.812709030100331908e-01
3.946488294314378642e-01
4.080267558528429817e-01
4.214046822742476550e-01
4.347826086956523284e-01
4.481605351170570017e-01
4.615384615384616751e-01
4.749163879598663485e-01
4.882943143812710218e-01
5.016722408026756952e-01
5.150501672240803686e-01
5.284280936454850419e-01
5.418060200668897153e-01
5.551839464882943886e-01
5.685618729096990620e-01
5.819397993311037354e-01
5.953177257525084087e-01
6.086956521739130821e-01
6.220735785953177555e-01
6.354515050167224288e-01
6.488294314381271022e-01
6.622073578595317755e-01
6.755852842809364489e-01
6.889632107023411223e-01
7.023411371237457956e-01
7.157190635451504690e-01
7.290969899665551424e-01
7.424749163879598157e-01
7.558528428093644891e-01
7.692307692307691624e-01
7.826086956521738358e-01
7.959866220735785092e-01
8.093645484949831825e-01
8.227424749163878559e-01
8.361204013377925293e-01
8.494983277591972026e-01
8.628762541806018760e-01
8.762541806020065493e-01
8.896321070234112227e-01
9.030100334448158961e-01
9.163879598662205694e-01
9.297658862876252428e-01
9.431438127090299162e-01
9.565217391304345895e-01
9.698996655518392629e-01
9.832775919732439363e-01
9.966555183946486096e-01
1.010033444816053283e+00
1.023411371237457956e+00
1.036789297658862630e+00
1.050167224080267303e+00
1.063545150501671976e+00
1.076923076923076650e+00
1.090301003344481767e+00
1.103678929765886441e+00
1.117056856187291114e+00
1.130434782608695787e+00
1.143812709030100461e+00
1.157190635451505134e+00
1.170568561872909807e+00
1.183946488294314481e+00
1.197324414715719154e+00
1.210702341137123828e+00
1.224080267558528501e+00
1.237458193979933174e+00
1.250836120401337848e+00
1.264214046822742521e+00
1.277591973244147194e+00
1.290969899665551868e+00
1.304347826086956541e+00
1.317725752508361214e+00
1.331103678929765888e+00
1.344481605351170561e+00
1.357859531772575234e+00
1.371237458193979908e+00
1.384615384615384581e+00
1.397993311036789255e+00
1.411371237458193928e+00
1.424749163879598601e+00
1.438127090301003275e+00
1.451505016722407948e+00
1.464882943143812621e+00
1.478260869565217295e+00
1.491638795986621968e+00
1.505016722408026641e+00
1.518394648829431315e+00
1.531772575250835988e+00
1.545150501672240662e+00
1.558528428093645335e+00
1.571906354515050008e+00
1.585284280936454682e+00
1.598662207357859355e+00
1.612040133779264028e+00
1.625418060200668702e+00
1.638795986622073375e+00
1.652173913043478048e+00
1.665551839464882722e+00
1.678929765886287395e+00
1.692307692307692069e+00
1.705685618729096742e+00
1.719063545150501415e+00
1.732441471571906089e+00
1.745819397993310762e+00
1.759197324414715435e+00
1.772575250836120553e+00
1.785953177257525226e+00
1.799331103678929900e+00
1.812709030100334573e+00
1.826086956521739246e+00
1.839464882943143920e+00
1.852842809364548593e+00
1.866220735785953266e+00
1.879598662207357940e+00
1.892976588628762613e+00
1.906354515050167286e+00
1.919732441471571960e+00
1.933110367892976633e+00
1.946488294314381307e+00
1.959866220735785980e+00
1.973244147157190653e+00
1.986622073578595327e+00
2.000000000000000000e+00
