1.000000000000000000e+00
1.000000000000000000e+00
9.833333333333331705e-01
9.666666666666665630e-01
9.683333333333333792e-01
9.666666666666665630e-01
9.666666666666665630e-01
9.683333333333331572e-01
9.666666666666665630e-01
9.649999999999998579e-01
9.633333333333332638e-01
9.633333333333332638e-01
9.633333333333332638e-01
9.650000000000000799e-01
9.649999999999998579e-01
9.666666666666665630e-01
9.683333333333331572e-01
9.699999999999999734e-01
9.633333333333332638e-01
9.633333333333332638e-01
9.616666666666665586e-01
9.616666666666665586e-01
9.616666666666665586e-01
9.633333333333332638e-01
9.633333333333332638e-01
9.599999999999999645e-01
9.583333333333332593e-01
9.633333333333332638e-01
9.683333333333331572e-01
9.683333333333331572e-01
9.699999999999999734e-01
9.699999999999999734e-01
9.716666666666664565e-01
9.716666666666664565e-01
9.733333333333332726e-01
9.716666666666666785e-01
9.716666666666666785e-01
9.716666666666664565e-01
9.733333333333332726e-01
9.733333333333332726e-01
9.699999999999999734e-01
9.699999999999999734e-01
9.699999999999999734e-01
9.699999999999999734e-01
9.699999999999999734e-01
9.699999999999999734e-01
9.699999999999999734e-01
9.683333333333331572e-01
9.599999999999999645e-01
9.616666666666665586e-01
9.599999999999999645e-01
9.599999999999999645e-01
9.583333333333332593e-01
9.533333333333333659e-01
9.400000000000000577e-01
9.499999999999999556e-01
9.466666666666666563e-01
9.466666666666666563e-01
9.483333333333332504e-01
9.466666666666666563e-01
9.499999999999999556e-01
9.550000000000000711e-01
9.566666666666666652e-01
9.566666666666666652e-01
9.533333333333333659e-01
9.633333333333332638e-01
9.699999999999999734e-01
9.666666666666665630e-01
9.716666666666664565e-01
9.699999999999999734e-01
9.733333333333332726e-01
9.766666666666665719e-01
9.783333333333331661e-01
9.783333333333331661e-01
9.716666666666666785e-01
9.733333333333332726e-01
9.749999999999999778e-01
9.816666666666666874e-01
9.816666666666666874e-01
9.766666666666665719e-01
9.733333333333332726e-01
9.733333333333332726e-01
9.783333333333332771e-01
9.799999999999998712e-01
9.799999999999998712e-01
9.799999999999998712e-01
9.816666666666666874e-01
9.749999999999998668e-01
9.749999999999999778e-01
9.766666666666665719e-01
9.766666666666665719e-01
9.733333333333332726e-01
9.766666666666665719e-01
9.833333333333333925e-01
9.916666666666665853e-01
9.966666666666667007e-01
9.949999999999998845e-01
9.949999999999998845e-01
9.933333333333334014e-01
9.800000000000000933e-01
9.716666666666666785e-01
9.816666666666664653e-01
9.849999999999999867e-01
9.849999999999999867e-01
9.849999999999999867e-01
9.933333333333331794e-01
9.916666666666668073e-01
9.933333333333334014e-01
9.899999999999998801e-01
9.983333333333334059e-01
1.000000000000000000e+00
1.000000000000000000e+00
1.000000000000000000e+00
9.833333333333331705e-01
9.666666666666665630e-01
9.666666666666665630e-01
9.666666666666665630e-01
9.666666666666665630e-01
9.666666666666665630e-01
9.666666666666665630e-01
9.666666666666665630e-01
9.666666666666665630e-01
9.666666666666665630e-01
9.666666666666665630e-01
9.666666666666665630e-01
9.666666666666665630e-01
9.666666666666665630e-01
9.666666666666665630e-01
9.666666666666665630e-01
9.666666666666665630e-01
9.666666666666665630e-01
9.666666666666665630e-01
9.666666666666665630e-01
9.666666666666665630e-01
9.666666666666665630e-01
9.666666666666665630e-01
9.666666666666665630e-01
9.666666666666665630e-01
9.499999999999999556e-01
9.499999999999999556e-01
9.499999999999999556e-01
9.333333333333333481e-01
9.333333333333333481e-01
9.333333333333333481e-01
9.333333333333333481e-01
9.333333333333333481e-01
9.333333333333333481e-01
9.166666666666666297e-01
9.000000000000001332e-01
9.000000000000001332e-01
8.833333333333330817e-01
8.833333333333330817e-01
8.833333333333330817e-01
8.833333333333330817e-01
8.833333333333330817e-01
8.833333333333330817e-01
8.833333333333330817e-01
8.833333333333330817e-01
8.833333333333330817e-01
8.833333333333330817e-01
8.666666666666669183e-01
8.666666666666669183e-01
8.666666666666669183e-01
8.499999999999998668e-01
8.333333333333332593e-01
8.333333333333332593e-01
8.333333333333332593e-01
8.333333333333332593e-01
8.166666666666666519e-01
8.166666666666666519e-01
7.999999999999999334e-01
7.833333333333333259e-01
7.833333333333333259e-01
7.833333333333333259e-01
7.833333333333333259e-01
7.833333333333333259e-01
7.833333333333333259e-01
7.666666666666667185e-01
7.666666666666667185e-01
7.500000000000000000e-01
7.500000000000000000e-01
7.500000000000000000e-01
7.500000000000000000e-01
7.500000000000000000e-01
7.500000000000000000e-01
7.500000000000000000e-01
7.500000000000000000e-01
7.500000000000000000e-01
7.500000000000000000e-01
7.500000000000000000e-01
7.500000000000000000e-01
7.500000000000000000e-01
7.500000000000000000e-01
7.333333333333332815e-01
7.333333333333332815e-01
7.333333333333332815e-01
7.333333333333332815e-01
7.333333333333332815e-01
7.333333333333332815e-01
7.166666666666666741e-01
7.166666666666666741e-01
7.166666666666666741e-01
7.166666666666666741e-01
6.333333333333331927e-01
6.500000000000001332e-01
6.500000000000001332e-01
6.500000000000001332e-01
6.666666666666667407e-01
6.666666666666667407e-01
6.666666666666667407e-01
6.666666666666667407e-01
6.666666666666667407e-01
6.666666666666667407e-01
6.666666666666667407e-01
6.666666666666667407e-01
6.666666666666667407e-01
6.666666666666667407e-01
6.833333333333334592e-01
6.833333333333334592e-01
6.833333333333334592e-01
7.000000000000000666e-01
7.000000000000000666e-01
7.000000000000000666e-01
7.000000000000000666e-01
7.000000000000000666e-01
7.000000000000000666e-01
7.000000000000000666e-01
7.000000000000000666e-01
7.000000000000000666e-01
7.000000000000000666e-01
7.166666666666666741e-01
7.166666666666666741e-01
7.166666666666666741e-01
7.166666666666666741e-01
7.166666666666666741e-01
7.166666666666666741e-01
7.166666666666666741e-01
7.333333333333332815e-01
7.500000000000000000e-01
7.500000000000000000e-01
7.500000000000000000e-01
7.500000000000000000e-01
7.500000000000000000e-01
7.666666666666667185e-01
7.666666666666667185e-01
7.666666666666667185e-01
7.666666666666667185e-01
7.666666666666667185e-01
7.666666666666667185e-01
7.833333333333333259e-01
7.833333333333333259e-01
7.833333333333333259e-01
7.833333333333333259e-01
7.833333333333333259e-01
7.999999999999999334e-01
7.999999999999999334e-01
7.999999999999999334e-01
7.999999999999999334e-01
8.166666666666666519e-01
8.166666666666666519e-01
8.166666666666666519e-01
8.166666666666666519e-01
8.166666666666666519e-01
8.166666666666666519e-01
8.166666666666666519e-01
8.166666666666666519e-01
8.166666666666666519e-01
8.166666666666666519e-01
8.166666666666666519e-01
8.333333333333332593e-01
8.333333333333332593e-01
8.333333333333332593e-01
8.333333333333332593e-01
8.499999999999998668e-01
8.499999999999998668e-01
8.499999999999998668e-01
8.666666666666669183e-01
8.666666666666669183e-01
8.833333333333330817e-01
9.000000000000001332e-01
9.166666666666666297e-01
9.166666666666666297e-01
9.333333333333333481e-01
9.333333333333333481e-01
9.333333333333333481e-01
9.333333333333333481e-01
9.333333333333333481e-01
9.333333333333333481e-01
9.499999999999999556e-01
9.666666666666665630e-01
9.666666666666665630e-01
9.666666666666665630e-01
9.833333333333331705e-01
9.833333333333331705e-01
9.833333333333331705e-01
9.833333333333331705e-01
9.833333333333331705e-01
1.000000000000000000e+00
1.000000000000000000e+00
1.000000000000000000e+00
