8.000000000000000000e+04
8.036231884057971183e+04
8.072463768115942366e+04
8.108695652173913550e+04
8.144927536231884733e+04
8.181159420289854461e+04
8.217391304347825644e+04
8.253623188405796827e+04
8.289855072463768010e+04
8.326086956521739194e+04
8.362318840579710377e+04
8.398550724637681560e+04
8.434782608695652743e+04
8.471014492753622471e+04
8.507246376811593655e+04
8.543478260869564838e+04
8.579710144927536021e+04
8.615942028985507204e+04
8.652173913043478387e+04
8.688405797101449571e+04
8.724637681159420754e+04
8.760869565217391937e+04
8.797101449275361665e+04
8.833333333333332848e+04
8.869565217391304031e+04
8.905797101449275215e+04
8.942028985507246398e+04
8.978260869565217581e+04
9.014492753623188764e+04
9.050724637681159948e+04
9.086956521739129676e+04
9.123188405797100859e+04
9.159420289855072042e+04
9.195652173913043225e+04
9.231884057971014408e+04
9.268115942028985592e+04
9.304347826086956775e+04
9.340579710144927958e+04
9.376811594202899141e+04
9.413043478260868869e+04
9.449275362318840052e+04
9.485507246376811236e+04
9.521739130434782419e+04
9.557971014492753602e+04
9.594202898550724785e+04
9.630434782608695969e+04
9.666666666666665697e+04
9.702898550724636880e+04
9.739130434782608063e+04
9.775362318840579246e+04
9.811594202898550429e+04
9.847826086956521613e+04
9.884057971014492796e+04
9.920289855072463979e+04
9.956521739130435162e+04
9.992753623188406345e+04
1.002898550724637753e+05
1.006521739130434726e+05
1.010144927536231844e+05
1.013768115942028962e+05
1.017391304347826081e+05
1.021014492753623199e+05
1.024637681159420317e+05
1.028260869565217290e+05
1.031884057971014408e+05
1.035507246376811527e+05
1.039130434782608645e+05
1.042753623188405763e+05
1.046376811594202882e+05
1.050000000000000000e+05
