1.000000000000000000e+00
9.952777777777780388e-01
9.925000000000002709e-01
9.902777777777779233e-01
9.850000000000000977e-01
9.819444444444445086e-01
9.852777777777779189e-01
9.775000000000003686e-01
9.761111111111113736e-01
9.736111111111110938e-01
9.680555555555552250e-01
9.686111111111109784e-01
9.672222222222224275e-01
9.647222222222217036e-01
9.616666666666665586e-01
9.630555555555554426e-01
9.577777777777775059e-01
9.561111111111109118e-01
9.563888888888887330e-01
9.499999999999998446e-01
9.525000000000000133e-01
9.463888888888887241e-01
9.411111111111108984e-01
9.411111111111110095e-01
9.355555555555554736e-01
9.316666666666668650e-01
9.377777777777777102e-01
9.341666666666665897e-01
9.322222222222221744e-01
9.244444444444445130e-01
9.249999999999999334e-01
9.149999999999999245e-01
9.166666666666667407e-01
9.166666666666668517e-01
9.097222222222224319e-01
9.183333333333334458e-01
9.080555555555555047e-01
9.019444444444444375e-01
9.058333333333334902e-01
8.991666666666663366e-01
8.997222222222223120e-01
8.902777777777779455e-01
8.908333333333331439e-01
8.916666666666667185e-01
8.927777777777780033e-01
8.786111111111111205e-01
8.813888888888887774e-01
8.874999999999998446e-01
8.725000000000000533e-01
8.730555555555555847e-01
8.680555555555554692e-01
8.677777777777777590e-01
8.597222222222222765e-01
8.602777777777776969e-01
8.625000000000000444e-01
8.652777777777777013e-01
8.644444444444443487e-01
8.652777777777781454e-01
8.530555555555557889e-01
8.597222222222220545e-01
8.438888888888889106e-01
8.527777777777776347e-01
8.352777777777774526e-01
8.469444444444443887e-01
8.344444444444445441e-01
8.394444444444444375e-01
8.391666666666667274e-01
8.280555555555554337e-01
8.299999999999999600e-01
8.294444444444443176e-01
8.202777777777777724e-01
8.147222222222221255e-01
8.113888888888888262e-01
8.138888888888887729e-01
8.194444444444443088e-01
8.113888888888890483e-01
7.930555555555557357e-01
8.163888888888888307e-01
8.127777777777779322e-01
8.022222222222222809e-01
8.019444444444443487e-01
8.047222222222223387e-01
7.947222222222223298e-01
7.916666666666666297e-01
7.761111111111111960e-01
7.836111111111111471e-01
7.727777777777778967e-01
7.883333333333333304e-01
7.844444444444444997e-01
7.772222222222222587e-01
7.794444444444444953e-01
7.774999999999999689e-01
7.722222222222221433e-01
7.616666666666664920e-01
7.630555555555554870e-01
7.677777777777776702e-01
7.575000000000000622e-01
7.491666666666664254e-01
7.661111111111111871e-01
7.561111111111112892e-01
7.522222222222222365e-01
7.500000000000000000e-01
7.438888888888885997e-01
7.391666666666666385e-01
7.336111111111111027e-01
7.341666666666666341e-01
7.419444444444442954e-01
7.397222222222220589e-01
7.274999999999999245e-01
7.213888888888888573e-01
7.247222222222222676e-01
7.211111111111111471e-01
7.180555555555555580e-01
7.219444444444443887e-01
6.938888888888889994e-01
7.061111111111110228e-01
7.019444444444444819e-01
6.980555555555553182e-01
6.933333333333334680e-01
6.925000000000001155e-01
6.816666666666667540e-01
6.952777777777777724e-01
6.913888888888888307e-01
6.869444444444444686e-01
6.852777777777776524e-01
6.766666666666668606e-01
6.936111111111110672e-01
6.833333333333334592e-01
6.819444444444443532e-01
6.722222222222223875e-01
6.550000000000001377e-01
6.758333333333332860e-01
6.644444444444445041e-01
6.558333333333333792e-01
6.633333333333334414e-01
6.650000000000001465e-01
6.630555555555555092e-01
6.569444444444446640e-01
6.536111111111111427e-01
6.444444444444443754e-01
6.461111111111113026e-01
6.374999999999999556e-01
6.430555555555554914e-01
6.294444444444445841e-01
6.369444444444443132e-01
6.388888888888888395e-01
6.413888888888887863e-01
6.230555555555556957e-01
6.130555555555556868e-01
6.238888888888888262e-01
6.277777777777777679e-01
6.099999999999999867e-01
6.274999999999999467e-01
6.136111111111112182e-01
6.033333333333333881e-01
6.052777777777776924e-01
6.005555555555555092e-01
6.094444444444444553e-01
6.011111111111110406e-01
5.999999999999999778e-01
6.072222222222222188e-01
5.888888888888887951e-01
5.972222222222222099e-01
5.855555555555557179e-01
5.969444444444443887e-01
5.822222222222221966e-01
5.863888888888887374e-01
5.858333333333333171e-01
5.783333333333333659e-01
5.791666666666664964e-01
5.652777777777778789e-01
5.652777777777777679e-01
5.722222222222222987e-01
5.647222222222223476e-01
5.641666666666665941e-01
5.594444444444445219e-01
5.561111111111111116e-01
5.483333333333334503e-01
5.502777777777777546e-01
5.547222222222223387e-01
5.316666666666667318e-01
5.583333333333333481e-01
5.463888888888888129e-01
5.466666666666666341e-01
5.419444444444445619e-01
5.299999999999999156e-01
5.108333333333333615e-01
5.180555555555557135e-01
5.219444444444445441e-01
5.136111111111111294e-01
4.988888888888889372e-01
5.088888888888889461e-01
5.027777777777777679e-01
4.805555555555557357e-01
4.761111111111110961e-01
4.763888888888888618e-01
4.724999999999999756e-01
4.699999999999999178e-01
4.655555555555556113e-01
4.655555555555554448e-01
4.777777777777776902e-01
4.663888888888888529e-01
4.774999999999999245e-01
4.788888888888889750e-01
4.841666666666666896e-01
4.908333333333333437e-01
4.983333333333334059e-01
5.086111111111112359e-01
5.194444444444445974e-01
5.063888888888888884e-01
5.102777777777777191e-01
5.269444444444445486e-01
5.186111111111110228e-01
5.402777777777777457e-01
5.386111111111110406e-01
5.386111111111110406e-01
5.427777777777778034e-01
5.422222222222223831e-01
5.444444444444443976e-01
5.558333333333334014e-01
5.552777777777777590e-01
5.713888888888889461e-01
5.633333333333332416e-01
5.758333333333333082e-01
5.799999999999999600e-01
5.608333333333332948e-01
5.675000000000000044e-01
5.680555555555553138e-01
5.708333333333331927e-01
5.722222222222221877e-01
5.744444444444444242e-01
5.763888888888889506e-01
5.922222222222220944e-01
5.794444444444445397e-01
5.941666666666665098e-01
5.877777777777778434e-01
5.938888888888887996e-01
5.869444444444443798e-01
6.022222222222222143e-01
6.102777777777776969e-01
6.161111111111111649e-01
6.183333333333334014e-01
6.044444444444442288e-01
6.158333333333333437e-01
6.219444444444444109e-01
6.086111111111112137e-01
6.202777777777778168e-01
6.230555555555556957e-01
6.191666666666666430e-01
6.352777777777779411e-01
6.438888888888888440e-01
6.344444444444444775e-01
6.302777777777778256e-01
6.266666666666665941e-01
6.366666666666667140e-01
6.391666666666666607e-01
6.400000000000000133e-01
6.572222222222223742e-01
6.452777777777777279e-01
6.608333333333332726e-01
6.547222222222222054e-01
6.380555555555555980e-01
6.636111111111112626e-01
6.577777777777776835e-01
6.600000000000000311e-01
6.616666666666667362e-01
6.680555555555555136e-01
6.647222222222221033e-01
6.625000000000000888e-01
6.827777777777779278e-01
6.813888888888889328e-01
6.683333333333333348e-01
6.838888888888888795e-01
6.836111111111111693e-01
6.872222222222220678e-01
7.038888888888887863e-01
6.780555555555555225e-01
6.999999999999998446e-01
7.024999999999999023e-01
6.980555555555556513e-01
6.986111111111110716e-01
7.013888888888890616e-01
7.183333333333336013e-01
6.980555555555556513e-01
7.158333333333335435e-01
7.152777777777777901e-01
7.408333333333332327e-01
7.330555555555555713e-01
7.169444444444443842e-01
7.255555555555556202e-01
7.352777777777775858e-01
7.336111111111113248e-01
7.194444444444444420e-01
7.311111111111111560e-01
7.366666666666668029e-01
7.397222222222219479e-01
7.330555555555555713e-01
7.480555555555556957e-01
7.558333333333332460e-01
7.541666666666665408e-01
7.586111111111112359e-01
7.572222222222220189e-01
7.574999999999999512e-01
7.625000000000000666e-01
7.641666666666666607e-01
7.666666666666667185e-01
7.694444444444444864e-01
7.741666666666665586e-01
7.733333333333333171e-01
7.694444444444445974e-01
7.816666666666668428e-01
7.808333333333332682e-01
7.777777777777777901e-01
7.750000000000000222e-01
7.902777777777779677e-01
7.988888888888888706e-01
8.016666666666668606e-01
7.947222222222222188e-01
7.963888888888889239e-01
8.013888888888888173e-01
8.005555555555555758e-01
8.022222222222222809e-01
8.025000000000002132e-01
8.102777777777777635e-01
8.119444444444444686e-01
8.147222222222223476e-01
8.127777777777777102e-01
8.202777777777777724e-01
8.116666666666664254e-01
8.316666666666665542e-01
8.247222222222221344e-01
8.238888888888887818e-01
8.333333333333332593e-01
8.302777777777775592e-01
8.324999999999999067e-01
8.394444444444444375e-01
8.361111111111108052e-01
8.408333333333330994e-01
8.519444444444445041e-01
8.441666666666666208e-01
8.572222222222219967e-01
8.597222222222223875e-01
8.530555555555554559e-01
8.583333333333332815e-01
8.672222222222221166e-01
8.736111111111111160e-01
8.680555555555552472e-01
8.722222222222221211e-01
8.680555555555555802e-01
8.711111111111111693e-01
8.744444444444444686e-01
8.783333333333335213e-01
8.825000000000001732e-01
8.916666666666664964e-01
8.811111111111114003e-01
8.891666666666666607e-01
8.911111111111112981e-01
8.969444444444446551e-01
9.061111111111112004e-01
8.986111111111113603e-01
9.038888888888891859e-01
9.063888888888891326e-01
9.102777777777780743e-01
9.227777777777778079e-01
9.100000000000000311e-01
9.186111111111110450e-01
9.163888888888890305e-01
9.211111111111112137e-01
9.208333333333332815e-01
9.222222222222221655e-01
9.283333333333333437e-01
9.288888888888890971e-01
9.252777777777777546e-01
9.363888888888887152e-01
9.369444444444443576e-01
9.400000000000000577e-01
9.458333333333330817e-01
9.422222222222220722e-01
9.469444444444442555e-01
9.491666666666663810e-01
9.569444444444441533e-01
9.536111111111111871e-01
9.602777777777775636e-01
9.597222222222219212e-01
9.597222222222220323e-01
9.649999999999997469e-01
9.686111111111110894e-01
9.694444444444444420e-01
9.766666666666670160e-01
9.727777777777776302e-01
9.780555555555554559e-01
9.783333333333332771e-01
9.833333333333332815e-01
9.844444444444447884e-01
9.877777777777781987e-01
9.919444444444446285e-01
9.947222222222222854e-01
9.963888888888889905e-01
1.000000000000000000e+00
1.000000000000000000e+00
