-1.000000000000000000e+00
-9.949874686716791983e-01
-9.899749373433583965e-01
-9.849624060150375948e-01
-9.799498746867167931e-01
-9.749373433583959914e-01
-9.699248120300751896e-01
-9.649122807017543879e-01
-9.598997493734335862e-01
-9.548872180451127845e-01
-9.498746867167919827e-01
-9.448621553884711810e-01
-9.398496240601503793e-01
-9.348370927318295776e-01
-9.298245614035087758e-01
-9.248120300751879741e-01
-9.197994987468671724e-01
-9.147869674185463706e-01
-9.097744360902255689e-01
-9.047619047619047672e-01
-8.997493734335839655e-01
-8.947368421052631637e-01
-8.897243107769423620e-01
-8.847117794486215603e-01
-8.796992481203007586e-01
-8.746867167919799568e-01
-8.696741854636591551e-01
-8.646616541353383534e-01
-8.596491228070175517e-01
-8.546365914786967499e-01
-8.496240601503759482e-01
-8.446115288220551465e-01
-8.395989974937343447e-01
-8.345864661654135430e-01
-8.295739348370927413e-01
-8.245614035087719396e-01
-8.195488721804511378e-01
-8.145363408521303361e-01
-8.095238095238095344e-01
-8.045112781954887327e-01
-7.994987468671679309e-01
-7.944862155388471292e-01
-7.894736842105263275e-01
-7.844611528822055257e-01
-7.794486215538847240e-01
-7.744360902255639223e-01
-7.694235588972431206e-01
-7.644110275689223188e-01
-7.593984962406015171e-01
-7.543859649122807154e-01
-7.493734335839599137e-01
-7.443609022556391119e-01
-7.393483709273183102e-01
-7.343358395989975085e-01
-7.293233082706767068e-01
-7.243107769423559050e-01
-7.192982456140351033e-01
-7.142857142857143016e-01
-7.092731829573934998e-01
-7.042606516290726981e-01
-6.992481203007518964e-01
-6.942355889724310947e-01
-6.892230576441102929e-01
-6.842105263157894912e-01
-6.791979949874686895e-01
-6.741854636591478878e-01
-6.691729323308270860e-01
-6.641604010025062843e-01
-6.591478696741854826e-01
-6.541353383458646809e-01
-6.491228070175438791e-01
-6.441102756892230774e-01
-6.390977443609022757e-01
-6.340852130325814739e-01
-6.290726817042606722e-01
-6.240601503759398705e-01
-6.190476190476190688e-01
-6.140350877192982670e-01
-6.090225563909774653e-01
-6.040100250626566636e-01
-5.989974937343358619e-01
-5.939849624060150601e-01
-5.889724310776942584e-01
-5.839598997493734567e-01
-5.789473684210526550e-01
-5.739348370927318532e-01
-5.689223057644110515e-01
-5.639097744360902498e-01
-5.588972431077694480e-01
-5.538847117794486463e-01
-5.488721804511278446e-01
-5.438596491228070429e-01
-5.388471177944862411e-01
-5.338345864661654394e-01
-5.288220551378446377e-01
-5.238095238095238360e-01
-5.187969924812030342e-01
-5.137844611528822325e-01
-5.087719298245614308e-01
-5.037593984962406291e-01
-4.987468671679198273e-01
-4.937343358395990256e-01
-4.887218045112782239e-01
-4.837092731829574221e-01
-4.786967418546366204e-01
-4.736842105263158187e-01
-4.686716791979950170e-01
-4.636591478696742152e-01
-4.586466165413534135e-01
-4.536340852130326118e-01
-4.486215538847118101e-01
-4.436090225563910083e-01
-4.385964912280702066e-01
-4.335839598997494049e-01
-4.285714285714286031e-01
-4.235588972431078014e-01
-4.185463659147869997e-01
-4.135338345864661980e-01
-4.085213032581453962e-01
-4.035087719298245945e-01
-3.984962406015037928e-01
-3.934837092731829911e-01
-3.884711779448621893e-01
-3.834586466165413876e-01
-3.784461152882205859e-01
-3.734335839598997842e-01
-3.684210526315789824e-01
-3.634085213032581807e-01
-3.583959899749373790e-01
-3.533834586466165772e-01
-3.483709273182957755e-01
-3.433583959899749738e-01
-3.383458646616541721e-01
-3.333333333333333703e-01
-3.283208020050125686e-01
-3.233082706766917669e-01
-3.182957393483709652e-01
-3.132832080200501634e-01
-3.082706766917293617e-01
-3.032581453634085600e-01
-2.982456140350877583e-01
-2.932330827067669565e-01
-2.882205513784461548e-01
-2.832080200501253531e-01
-2.781954887218045513e-01
-2.731829573934837496e-01
-2.681704260651629479e-01
-2.631578947368421462e-01
-2.581453634085213444e-01
-2.531328320802005427e-01
-2.481203007518797410e-01
-2.431077694235589393e-01
-2.380952380952381375e-01
-2.330827067669173358e-01
-2.280701754385965341e-01
-2.230576441102757324e-01
-2.180451127819549306e-01
-2.130325814536341289e-01
-2.080200501253133272e-01
-2.030075187969925254e-01
-1.979949874686717237e-01
-1.929824561403509220e-01
-1.879699248120301203e-01
-1.829573934837093185e-01
-1.779448621553885168e-01
-1.729323308270677151e-01
-1.679197994987469134e-01
-1.629072681704261116e-01
-1.578947368421053099e-01
-1.528822055137845082e-01
-1.478696741854637065e-01
-1.428571428571429047e-01
-1.378446115288221030e-01
-1.328320802005013013e-01
-1.278195488721804995e-01
-1.228070175438596978e-01
-1.177944862155388961e-01
-1.127819548872180944e-01
-1.077694235588972926e-01
-1.027568922305764909e-01
-9.774436090225568918e-02
-9.273182957393488746e-02
-8.771929824561408573e-02
-8.270676691729328400e-02
-7.769423558897248228e-02
-7.268170426065168055e-02
-6.766917293233087882e-02
-6.265664160401007710e-02
-5.764411027568927537e-02
-5.263157894736847364e-02
-4.761904761904767192e-02
-4.260651629072687019e-02
-3.759398496240606846e-02
-3.258145363408526674e-02
-2.756892230576446501e-02
-2.255639097744366328e-02
-1.754385964912286155e-02
-1.253132832080205983e-02
-7.518796992481258101e-03
-2.506265664160456375e-03
2.506265664160345352e-03
7.518796992481036057e-03
1.253132832080194881e-02
1.754385964912286155e-02
2.255639097744355226e-02
2.756892230576424296e-02
3.258145363408515571e-02
3.759398496240606846e-02
4.260651629072675917e-02
4.761904761904744987e-02
5.263157894736836262e-02
5.764411027568927537e-02
6.265664160400996607e-02
6.766917293233065678e-02
7.268170426065156953e-02
7.769423558897248228e-02
8.270676691729317298e-02
8.771929824561386368e-02
9.273182957393477643e-02
9.774436090225568918e-02
1.027568922305763799e-01
1.077694235588970706e-01
1.127819548872179833e-01
1.177944862155388961e-01
1.228070175438595868e-01
1.278195488721802775e-01
1.328320802005011902e-01
1.378446115288221030e-01
1.428571428571427937e-01
1.478696741854634844e-01
1.528822055137843972e-01
1.578947368421053099e-01
1.629072681704260006e-01
1.679197994987466913e-01
1.729323308270676041e-01
1.779448621553885168e-01
1.829573934837092075e-01
1.879699248120298982e-01
1.929824561403508110e-01
1.979949874686717237e-01
2.030075187969924144e-01
2.080200501253131051e-01
2.130325814536340179e-01
2.180451127819549306e-01
2.230576441102756213e-01
2.280701754385963120e-01
2.330827067669172248e-01
2.380952380952381375e-01
2.431077694235588282e-01
2.481203007518795189e-01
2.531328320802004317e-01
2.581453634085213444e-01
2.631578947368420351e-01
2.681704260651627258e-01
2.731829573934836386e-01
2.781954887218045513e-01
2.832080200501252421e-01
2.882205513784459328e-01
2.932330827067668455e-01
2.982456140350877583e-01
3.032581453634084490e-01
3.082706766917291397e-01
3.132832080200500524e-01
3.182957393483709652e-01
3.233082706766916559e-01
3.283208020050123466e-01
3.333333333333332593e-01
3.383458646616541721e-01
3.433583959899748628e-01
3.483709273182955535e-01
3.533834586466164662e-01
3.583959899749373790e-01
3.634085213032580697e-01
3.684210526315787604e-01
3.734335839598996731e-01
3.784461152882205859e-01
3.834586466165412766e-01
3.884711779448619673e-01
3.934837092731828800e-01
3.984962406015037928e-01
4.035087719298244835e-01
4.085213032581451742e-01
4.135338345864660869e-01
4.185463659147869997e-01
4.235588972431076904e-01
4.285714285714283811e-01
4.335839598997492939e-01
4.385964912280702066e-01
4.436090225563908973e-01
4.486215538847115880e-01
4.536340852130325008e-01
4.586466165413534135e-01
4.636591478696741042e-01
4.686716791979947949e-01
4.736842105263157077e-01
4.786967418546366204e-01
4.837092731829573111e-01
4.887218045112780018e-01
4.937343358395989146e-01
4.987468671679198273e-01
5.037593984962405180e-01
5.087719298245612087e-01
5.137844611528821215e-01
5.187969924812030342e-01
5.238095238095237249e-01
5.288220551378444156e-01
5.338345864661653284e-01
5.388471177944862411e-01
5.438596491228069318e-01
5.488721804511276225e-01
5.538847117794485353e-01
5.588972431077694480e-01
5.639097744360901387e-01
5.689223057644108295e-01
5.739348370927317422e-01
5.789473684210526550e-01
5.839598997493733457e-01
5.889724310776940364e-01
5.939849624060149491e-01
5.989974937343358619e-01
6.040100250626565526e-01
6.090225563909772433e-01
6.140350877192981560e-01
6.190476190476190688e-01
6.240601503759397595e-01
6.290726817042604502e-01
6.340852130325813629e-01
6.390977443609022757e-01
6.441102756892229664e-01
6.491228070175436571e-01
6.541353383458645698e-01
6.591478696741854826e-01
6.641604010025061733e-01
6.691729323308268640e-01
6.741854636591477767e-01
6.791979949874686895e-01
6.842105263157893802e-01
6.892230576441100709e-01
6.942355889724309836e-01
6.992481203007518964e-01
7.042606516290725871e-01
7.092731829573932778e-01
7.142857142857141906e-01
7.192982456140351033e-01
7.243107769423557940e-01
7.293233082706764847e-01
7.343358395989973975e-01
7.393483709273183102e-01
7.443609022556390009e-01
7.493734335839596916e-01
7.543859649122806044e-01
7.593984962406015171e-01
7.644110275689222078e-01
7.694235588972428985e-01
7.744360902255638113e-01
7.794486215538847240e-01
7.844611528822054147e-01
7.894736842105261054e-01
7.944862155388470182e-01
7.994987468671679309e-01
8.045112781954886216e-01
8.095238095238093123e-01
8.145363408521302251e-01
8.195488721804511378e-01
8.245614035087718285e-01
8.295739348370925192e-01
8.345864661654134320e-01
8.395989974937343447e-01
8.446115288220550354e-01
8.496240601503757262e-01
8.546365914786966389e-01
8.596491228070175517e-01
8.646616541353382424e-01
8.696741854636589331e-01
8.746867167919798458e-01
8.796992481203007586e-01
8.847117794486214493e-01
8.897243107769421400e-01
8.947368421052630527e-01
8.997493734335839655e-01
9.047619047619046562e-01
9.097744360902253469e-01
9.147869674185462596e-01
9.197994987468671724e-01
9.248120300751878631e-01
9.298245614035085538e-01
9.348370927318294665e-01
9.398496240601503793e-01
9.448621553884710700e-01
9.498746867167917607e-01
9.548872180451126734e-01
9.598997493734335862e-01
9.649122807017542769e-01
9.699248120300749676e-01
9.749373433583958803e-01
9.799498746867167931e-01
9.849624060150374838e-01
9.899749373433581745e-01
9.949874686716790873e-01
1.000000000000000000e+00
