1.000000000000000000e+00
9.975000000000001643e-01
9.922222222222224497e-01
9.925000000000001599e-01
9.886111111111113292e-01
9.841666666666669672e-01
9.805555555555558467e-01
9.808333333333335569e-01
9.794444444444446729e-01
9.797222222222222721e-01
9.702777777777777946e-01
9.700000000000001954e-01
9.649999999999998579e-01
9.674999999999999156e-01
9.663888888888887418e-01
9.616666666666662255e-01
9.597222222222219212e-01
9.452777777777776613e-01
9.536111111111108540e-01
9.458333333333329707e-01
9.455555555555554825e-01
9.441666666666667096e-01
9.427777777777778256e-01
9.474999999999998979e-01
9.430555555555553138e-01
9.391666666666667052e-01
9.238888888888890927e-01
9.288888888888889861e-01
9.319444444444445752e-01
9.241666666666669139e-01
9.213888888888891460e-01
9.202777777777780832e-01
9.133333333333335524e-01
9.038888888888891859e-01
9.133333333333335524e-01
9.163888888888888085e-01
9.133333333333332194e-01
9.116666666666668473e-01
8.991666666666666696e-01
8.955555555555556602e-01
8.955555555555553271e-01
8.994444444444446018e-01
8.905555555555557667e-01
8.891666666666666607e-01
8.827777777777777724e-01
8.875000000000000666e-01
8.844444444444444775e-01
8.811111111111110672e-01
8.811111111111114003e-01
8.674999999999999378e-01
8.750000000000000000e-01
8.719444444444445219e-01
8.627777777777778656e-01
8.713888888888889905e-01
8.547222222222220500e-01
8.602777777777776969e-01
8.627777777777777546e-01
8.447222222222221522e-01
8.633333333333333970e-01
8.522222222222224364e-01
8.405555555555555003e-01
8.577777777777776391e-01
8.416666666666664520e-01
8.411111111111109206e-01
8.352777777777776747e-01
8.388888888888886841e-01
8.250000000000000666e-01
8.247222222222220234e-01
8.308333333333330906e-01
8.330555555555554381e-01
8.258333333333334192e-01
8.202777777777778834e-01
8.163888888888890527e-01
8.119444444444444686e-01
8.222222222222221877e-01
8.197222222222221300e-01
8.072222222222222854e-01
8.000000000000001554e-01
8.058333333333332904e-01
7.922222222222221610e-01
8.016666666666665275e-01
7.966666666666665231e-01
7.891666666666666829e-01
7.974999999999998757e-01
7.930555555555557357e-01
7.850000000000001421e-01
7.736111111111113603e-01
7.763888888888890172e-01
7.775000000000000799e-01
7.713888888888889017e-01
7.697222222222223076e-01
7.750000000000000222e-01
7.505555555555556424e-01
7.575000000000000622e-01
7.313888888888888662e-01
7.380555555555555758e-01
7.438888888888889328e-01
7.399999999999996581e-01
7.322222222222219967e-01
7.274999999999998135e-01
7.358333333333333393e-01
7.288888888888888085e-01
7.422222222222223387e-01
7.400000000000001021e-01
7.352777777777776969e-01
7.527777777777778789e-01
7.538888888888890527e-01
7.599999999999998979e-01
7.725000000000001865e-01
7.666666666666669405e-01
7.677777777777777812e-01
7.730555555555557179e-01
7.852777777777778523e-01
7.766666666666667274e-01
7.799999999999998046e-01
7.833333333333334370e-01
7.961111111111111027e-01
7.897222222222223253e-01
7.994444444444446241e-01
8.022222222222221699e-01
8.013888888888889284e-01
7.988888888888890927e-01
8.155555555555554781e-01
8.122222222222222898e-01
8.038888888888889861e-01
8.172222222222221832e-01
8.044444444444445175e-01
8.208333333333333037e-01
8.158333333333334103e-01
8.277777777777777235e-01
8.258333333333334192e-01
8.288888888888887863e-01
8.324999999999999067e-01
8.386111111111110850e-01
8.438888888888889106e-01
8.358333333333332060e-01
8.422222222222223165e-01
8.530555555555557889e-01
8.508333333333333304e-01
8.472222222222222099e-01
8.608333333333332282e-01
8.530555555555554559e-01
8.636111111111108851e-01
8.588888888888887019e-01
8.611111111111112715e-01
8.613888888888886486e-01
8.761111111111110628e-01
8.694444444444445752e-01
8.694444444444443532e-01
8.755555555555554204e-01
8.708333333333334592e-01
8.774999999999997247e-01
8.855555555555553182e-01
8.833333333333334147e-01
8.844444444444445885e-01
9.019444444444446596e-01
8.963888888888889017e-01
8.955555555555554381e-01
9.000000000000000222e-01
8.963888888888889017e-01
9.036111111111111427e-01
9.055555555555555580e-01
9.008333333333332638e-01
9.138888888888889728e-01
9.086111111111113692e-01
9.150000000000001465e-01
9.194444444444445086e-01
9.194444444444446196e-01
9.266666666666668606e-01
9.250000000000001554e-01
9.319444444444445752e-01
9.280555555555556335e-01
9.316666666666666430e-01
9.322222222222223964e-01
9.375000000000001110e-01
9.447222222222220189e-01
9.408333333333331883e-01
9.427777777777777146e-01
9.441666666666664876e-01
9.502777777777775547e-01
9.455555555555554825e-01
9.566666666666665542e-01
9.586111111111108585e-01
9.563888888888886219e-01
9.677777777777777368e-01
9.669444444444440512e-01
9.688888888888890216e-01
9.674999999999996936e-01
9.755555555555556202e-01
9.733333333333332726e-01
9.747222222222219346e-01
9.802777777777778034e-01
9.819444444444446196e-01
9.863888888888892037e-01
9.875000000000002665e-01
9.894444444444445708e-01
9.900000000000002132e-01
9.916666666666668073e-01
9.922222222222225607e-01
9.933333333333336235e-01
9.933333333333335124e-01
9.905555555555557445e-01
9.886111111111113292e-01
9.886111111111114402e-01
9.869444444444446241e-01
9.811111111111114891e-01
9.822222222222225518e-01
9.763888888888890838e-01
9.786111111111112093e-01
9.747222222222222676e-01
9.719444444444443887e-01
9.688888888888886886e-01
9.658333333333334325e-01
9.616666666666667806e-01
9.577777777777777279e-01
9.602777777777774526e-01
9.555555555555552694e-01
9.586111111111110805e-01
9.502777777777778878e-01
9.491666666666663810e-01
9.483333333333330284e-01
9.422222222222221832e-01
9.419444444444440290e-01
9.427777777777776036e-01
9.369444444444443576e-01
9.300000000000000488e-01
9.308333333333332904e-01
9.350000000000001643e-01
9.258333333333336190e-01
9.197222222222223298e-01
9.263888888888890394e-01
9.225000000000002087e-01
9.200000000000001510e-01
9.225000000000000977e-01
9.113888888888890261e-01
9.080555555555558378e-01
9.041666666666667851e-01
9.025000000000003020e-01
9.011111111111113070e-01
9.022222222222222587e-01
8.980555555555558289e-01
8.936111111111112448e-01
8.919444444444443176e-01
8.930555555555556024e-01
8.900000000000000133e-01
8.816666666666665986e-01
8.858333333333333615e-01
8.786111111111111205e-01
8.741666666666668695e-01
8.766666666666667052e-01
8.674999999999997158e-01
8.608333333333333393e-01
8.719444444444445219e-01
8.677777777777779811e-01
8.638888888888890394e-01
8.605555555555556291e-01
8.536111111111110983e-01
8.536111111111109873e-01
8.530555555555554559e-01
8.538888888888886974e-01
8.469444444444446107e-01
8.486111111111109828e-01
8.383333333333332638e-01
8.441666666666666208e-01
8.380555555555555536e-01
8.408333333333328774e-01
8.330555555555556602e-01
8.236111111111112937e-01
8.299999999999999600e-01
8.333333333333333703e-01
8.180555555555557579e-01
8.175000000000002265e-01
8.150000000000000577e-01
8.066666666666667540e-01
8.061111111111111116e-01
7.977777777777776969e-01
8.038888888888888751e-01
8.030555555555555225e-01
7.933333333333334458e-01
8.041666666666666963e-01
7.988888888888890927e-01
7.977777777777776969e-01
7.950000000000000400e-01
7.894444444444442821e-01
7.849999999999999201e-01
7.805555555555555580e-01
7.819444444444444420e-01
7.844444444444444997e-01
7.647222222222223031e-01
7.755555555555556646e-01
7.686111111111113559e-01
7.624999999999999556e-01
7.619444444444447573e-01
7.466666666666667007e-01
7.411111111111110539e-01
7.380555555555552427e-01
7.380555555555553537e-01
7.377777777777777546e-01
7.277777777777776347e-01
7.247222222222221566e-01
7.266666666666665719e-01
7.408333333333332327e-01
7.444444444444443532e-01
7.441666666666665320e-01
7.555555555555556468e-01
7.566666666666665986e-01
7.516666666666664831e-01
7.797222222222222054e-01
7.750000000000001332e-01
7.791666666666666741e-01
7.783333333333334325e-01
7.927777777777779145e-01
7.866666666666667362e-01
7.841666666666667895e-01
7.908333333333333881e-01
7.908333333333333881e-01
7.869444444444443354e-01
7.963888888888888129e-01
7.941666666666666874e-01
8.025000000000002132e-01
7.986111111111110494e-01
8.086111111111111693e-01
7.972222222222224985e-01
8.224999999999998979e-01
8.163888888888888307e-01
8.202777777777777724e-01
8.174999999999997824e-01
8.163888888888889417e-01
8.216666666666666563e-01
8.275000000000001243e-01
8.299999999999998490e-01
8.333333333333331483e-01
8.305555555555557135e-01
8.300000000000000711e-01
8.319444444444444864e-01
8.316666666666666652e-01
8.430555555555553360e-01
8.427777777777778478e-01
8.541666666666665186e-01
8.363888888888889594e-01
8.597222222222222765e-01
8.444444444444444420e-01
8.583333333333331705e-01
8.508333333333333304e-01
8.605555555555554070e-01
8.605555555555552960e-01
8.658333333333332327e-01
8.619444444444444020e-01
8.783333333333334103e-01
8.705555555555555269e-01
8.825000000000000622e-01
8.766666666666668162e-01
8.841666666666668783e-01
8.850000000000001199e-01
8.827777777777777724e-01
8.855555555555557623e-01
8.905555555555552116e-01
8.972222222222222543e-01
8.894444444444443709e-01
9.050000000000001377e-01
8.991666666666665586e-01
9.072222222222222632e-01
9.080555555555558378e-01
9.075000000000001954e-01
9.099999999999999201e-01
9.166666666666667407e-01
9.216666666666667451e-01
9.166666666666667407e-01
9.247222222222223342e-01
9.294444444444446285e-01
9.305555555555556912e-01
9.258333333333333970e-01
9.363888888888887152e-01
9.313888888888889328e-01
9.344444444444444109e-01
9.438888888888889994e-01
9.372222222222220678e-01
9.427777777777778256e-01
9.499999999999997335e-01
9.536111111111111871e-01
9.472222222222221877e-01
9.541666666666667185e-01
9.558333333333332016e-01
9.644444444444444375e-01
9.627777777777773993e-01
9.652777777777772350e-01
9.641666666666666163e-01
9.705555555555556158e-01
9.736111111111113159e-01
9.772222222222223253e-01
9.736111111111110938e-01
9.788888888888890305e-01
9.822222222222224408e-01
9.849999999999999867e-01
9.863888888888892037e-01
9.900000000000002132e-01
9.936111111111112226e-01
9.977777777777778745e-01
1.000000000000000000e+00
1.000000000000000000e+00
