1.000000000000000000e+00
9.974937343358396546e-01
9.949874686716791983e-01
9.924812030075187419e-01
9.899749373433583965e-01
9.874686716791980512e-01
9.849624060150375948e-01
9.824561403508771384e-01
9.799498746867167931e-01
9.774436090225564477e-01
9.749373433583959914e-01
9.724310776942355350e-01
9.699248120300751896e-01
9.674185463659148443e-01
9.649122807017543879e-01
9.624060150375939315e-01
9.598997493734335862e-01
9.573934837092732408e-01
9.548872180451127845e-01
9.523809523809523281e-01
9.498746867167919827e-01
9.473684210526316374e-01
9.448621553884711810e-01
9.423558897243107246e-01
9.398496240601503793e-01
9.373433583959900339e-01
9.348370927318295776e-01
9.323308270676691212e-01
9.298245614035087758e-01
9.273182957393484305e-01
9.248120300751879741e-01
9.223057644110275177e-01
9.197994987468671724e-01
9.172932330827068270e-01
9.147869674185463706e-01
9.122807017543859143e-01
9.097744360902255689e-01
9.072681704260652236e-01
9.047619047619047672e-01
9.022556390977443108e-01
8.997493734335839655e-01
8.972431077694236201e-01
8.947368421052631637e-01
8.922305764411027074e-01
8.897243107769423620e-01
8.872180451127820167e-01
8.847117794486215603e-01
8.822055137844611039e-01
8.796992481203007586e-01
8.771929824561404132e-01
8.746867167919799568e-01
8.721804511278195005e-01
8.696741854636591551e-01
8.671679197994988098e-01
8.646616541353383534e-01
8.621553884711778970e-01
8.596491228070175517e-01
8.571428571428572063e-01
8.546365914786967499e-01
8.521303258145362935e-01
8.496240601503759482e-01
8.471177944862156028e-01
8.446115288220551465e-01
8.421052631578946901e-01
8.395989974937343447e-01
8.370927318295739994e-01
8.345864661654135430e-01
8.320802005012530866e-01
8.295739348370927413e-01
8.270676691729323959e-01
8.245614035087719396e-01
8.220551378446114832e-01
8.195488721804511378e-01
8.170426065162907925e-01
8.145363408521303361e-01
8.120300751879698797e-01
8.095238095238095344e-01
8.070175438596491890e-01
8.045112781954887327e-01
8.020050125313282763e-01
7.994987468671679309e-01
7.969924812030075856e-01
7.944862155388471292e-01
7.919799498746866728e-01
7.894736842105263275e-01
7.869674185463659821e-01
7.844611528822055257e-01
7.819548872180450694e-01
7.794486215538847240e-01
7.769423558897243787e-01
7.744360902255639223e-01
7.719298245614034659e-01
7.694235588972431206e-01
7.669172932330827752e-01
7.644110275689223188e-01
7.619047619047618625e-01
7.593984962406015171e-01
7.568922305764411718e-01
7.543859649122807154e-01
7.518796992481202590e-01
7.518796992481202590e-01
7.543859649122807154e-01
7.568922305764411718e-01
7.593984962406015171e-01
7.619047619047618625e-01
7.644110275689223188e-01
7.669172932330827752e-01
7.694235588972431206e-01
7.719298245614034659e-01
7.744360902255639223e-01
7.769423558897243787e-01
7.794486215538847240e-01
7.819548872180450694e-01
7.844611528822055257e-01
7.869674185463659821e-01
7.894736842105263275e-01
7.919799498746866728e-01
7.944862155388471292e-01
7.969924812030075856e-01
7.994987468671679309e-01
8.020050125313282763e-01
8.045112781954887327e-01
8.070175438596491890e-01
8.095238095238095344e-01
8.120300751879698797e-01
8.145363408521303361e-01
8.170426065162907925e-01
8.195488721804511378e-01
8.220551378446114832e-01
8.245614035087719396e-01
8.270676691729323959e-01
8.295739348370927413e-01
8.320802005012530866e-01
8.345864661654135430e-01
8.370927318295739994e-01
8.395989974937343447e-01
8.421052631578946901e-01
8.446115288220551465e-01
8.471177944862156028e-01
8.496240601503759482e-01
8.521303258145362935e-01
8.546365914786967499e-01
8.571428571428572063e-01
8.596491228070175517e-01
8.621553884711778970e-01
8.646616541353383534e-01
8.671679197994988098e-01
8.696741854636591551e-01
8.721804511278195005e-01
8.746867167919799568e-01
8.771929824561404132e-01
8.796992481203007586e-01
8.822055137844611039e-01
8.847117794486215603e-01
8.872180451127820167e-01
8.897243107769423620e-01
8.922305764411027074e-01
8.947368421052631637e-01
8.972431077694236201e-01
8.997493734335839655e-01
9.022556390977443108e-01
9.047619047619047672e-01
9.072681704260652236e-01
9.097744360902255689e-01
9.122807017543859143e-01
9.147869674185463706e-01
9.172932330827068270e-01
9.197994987468671724e-01
9.223057644110275177e-01
9.248120300751879741e-01
9.273182957393484305e-01
9.298245614035087758e-01
9.323308270676691212e-01
9.348370927318295776e-01
9.373433583959900339e-01
9.398496240601503793e-01
9.423558897243107246e-01
9.448621553884711810e-01
9.473684210526316374e-01
9.498746867167919827e-01
9.523809523809523281e-01
9.548872180451127845e-01
9.573934837092732408e-01
9.598997493734335862e-01
9.624060150375939315e-01
9.649122807017543879e-01
9.674185463659148443e-01
9.699248120300751896e-01
9.724310776942355350e-01
9.749373433583959914e-01
9.774436090225564477e-01
9.799498746867167931e-01
9.824561403508771384e-01
9.849624060150375948e-01
9.874686716791980512e-01
9.899749373433583965e-01
9.924812030075187419e-01
9.949874686716791983e-01
9.974937343358396546e-01
1.000000000000000000e+00
9.974937343358396546e-01
9.949874686716793093e-01
9.924812030075187419e-01
9.899749373433583965e-01
9.874686716791980512e-01
9.849624060150377058e-01
9.824561403508771384e-01
9.799498746867167931e-01
9.774436090225564477e-01
9.749373433583961024e-01
9.724310776942355350e-01
9.699248120300751896e-01
9.674185463659148443e-01
9.649122807017544989e-01
9.624060150375939315e-01
9.598997493734335862e-01
9.573934837092732408e-01
9.548872180451128955e-01
9.523809523809523281e-01
9.498746867167919827e-01
9.473684210526316374e-01
9.448621553884712920e-01
9.423558897243107246e-01
9.398496240601503793e-01
9.373433583959900339e-01
9.348370927318296886e-01
9.323308270676691212e-01
9.298245614035087758e-01
9.273182957393484305e-01
9.248120300751880851e-01
9.223057644110275177e-01
9.197994987468671724e-01
9.172932330827068270e-01
9.147869674185464817e-01
9.122807017543859143e-01
9.097744360902255689e-01
9.072681704260652236e-01
9.047619047619048782e-01
9.022556390977443108e-01
8.997493734335839655e-01
8.972431077694236201e-01
8.947368421052632748e-01
8.922305764411027074e-01
8.897243107769423620e-01
8.872180451127820167e-01
8.847117794486216713e-01
8.822055137844611039e-01
8.796992481203007586e-01
8.771929824561404132e-01
8.746867167919800679e-01
8.721804511278195005e-01
8.696741854636591551e-01
8.671679197994988098e-01
8.646616541353384644e-01
8.621553884711778970e-01
8.596491228070175517e-01
8.571428571428572063e-01
8.546365914786968609e-01
8.521303258145362935e-01
8.496240601503759482e-01
8.471177944862156028e-01
8.446115288220552575e-01
8.421052631578946901e-01
8.395989974937343447e-01
8.370927318295739994e-01
8.345864661654136540e-01
8.320802005012530866e-01
8.295739348370927413e-01
8.270676691729323959e-01
8.245614035087720506e-01
8.220551378446114832e-01
8.195488721804511378e-01
8.170426065162907925e-01
8.145363408521304471e-01
8.120300751879698797e-01
8.095238095238095344e-01
8.070175438596491890e-01
8.045112781954888437e-01
8.020050125313282763e-01
7.994987468671679309e-01
7.969924812030075856e-01
7.944862155388472402e-01
7.919799498746866728e-01
7.894736842105263275e-01
7.869674185463659821e-01
7.844611528822056368e-01
7.819548872180450694e-01
7.794486215538847240e-01
7.769423558897243787e-01
7.744360902255640333e-01
7.719298245614034659e-01
7.694235588972431206e-01
7.669172932330827752e-01
7.644110275689224299e-01
7.619047619047618625e-01
7.593984962406015171e-01
7.568922305764411718e-01
7.543859649122808264e-01
7.518796992481202590e-01
7.493734335839599137e-01
7.518796992481202590e-01
7.543859649122806044e-01
7.568922305764410607e-01
7.593984962406015171e-01
7.619047619047618625e-01
7.644110275689222078e-01
7.669172932330826642e-01
7.694235588972431206e-01
7.719298245614034659e-01
7.744360902255638113e-01
7.769423558897242676e-01
7.794486215538847240e-01
7.819548872180450694e-01
7.844611528822054147e-01
7.869674185463658711e-01
7.894736842105263275e-01
7.919799498746866728e-01
7.944862155388470182e-01
7.969924812030074746e-01
7.994987468671679309e-01
8.020050125313282763e-01
8.045112781954886216e-01
8.070175438596490780e-01
8.095238095238095344e-01
8.120300751879698797e-01
8.145363408521302251e-01
8.170426065162906815e-01
8.195488721804511378e-01
8.220551378446114832e-01
8.245614035087718285e-01
8.270676691729322849e-01
8.295739348370927413e-01
8.320802005012530866e-01
8.345864661654134320e-01
8.370927318295738884e-01
8.395989974937343447e-01
8.421052631578946901e-01
8.446115288220550354e-01
8.471177944862154918e-01
8.496240601503759482e-01
8.521303258145362935e-01
8.546365914786966389e-01
8.571428571428570953e-01
8.596491228070175517e-01
8.621553884711778970e-01
8.646616541353382424e-01
8.671679197994986987e-01
8.696741854636591551e-01
8.721804511278195005e-01
8.746867167919798458e-01
8.771929824561403022e-01
8.796992481203007586e-01
8.822055137844611039e-01
8.847117794486214493e-01
8.872180451127819056e-01
8.897243107769423620e-01
8.922305764411027074e-01
8.947368421052630527e-01
8.972431077694235091e-01
8.997493734335839655e-01
9.022556390977443108e-01
9.047619047619046562e-01
9.072681704260651125e-01
9.097744360902255689e-01
9.122807017543859143e-01
9.147869674185462596e-01
9.172932330827067160e-01
9.197994987468671724e-01
9.223057644110275177e-01
9.248120300751878631e-01
9.273182957393483195e-01
9.298245614035087758e-01
9.323308270676691212e-01
9.348370927318294665e-01
9.373433583959899229e-01
9.398496240601503793e-01
9.423558897243107246e-01
9.448621553884710700e-01
9.473684210526315264e-01
9.498746867167919827e-01
9.523809523809523281e-01
9.548872180451126734e-01
9.573934837092731298e-01
9.598997493734335862e-01
9.624060150375939315e-01
9.649122807017542769e-01
9.674185463659147333e-01
9.699248120300751896e-01
9.724310776942355350e-01
9.749373433583958803e-01
9.774436090225563367e-01
9.799498746867167931e-01
9.824561403508771384e-01
9.849624060150374838e-01
9.874686716791979402e-01
9.899749373433583965e-01
9.924812030075187419e-01
9.949874686716790873e-01
9.974937343358395436e-01
1.000000000000000000e+00
