8.000000000000000000e+04
8.025252525252525811e+04
8.050505050505050167e+04
8.075757575757575978e+04
8.101010101010100334e+04
8.126262626262626145e+04
8.151515151515151956e+04
8.176767676767676312e+04
8.202020202020202123e+04
8.227272727272727934e+04
8.252525252525252290e+04
8.277777777777778101e+04
8.303030303030302457e+04
8.328282828282828268e+04
8.353535353535354079e+04
8.378787878787878435e+04
8.404040404040404246e+04
8.429292929292928602e+04
8.454545454545454413e+04
8.479797979797980224e+04
8.505050505050504580e+04
8.530303030303030391e+04
8.555555555555556202e+04
8.580808080808080558e+04
8.606060606060606369e+04
8.631313131313130725e+04
8.656565656565656536e+04
8.681818181818182347e+04
8.707070707070706703e+04
8.732323232323232514e+04
8.757575757575756870e+04
8.782828282828282681e+04
8.808080808080808492e+04
8.833333333333332848e+04
8.858585858585858659e+04
8.883838383838383015e+04
8.909090909090908826e+04
8.934343434343434637e+04
8.959595959595958993e+04
8.984848484848484804e+04
9.010101010101010615e+04
9.035353535353534971e+04
9.060606060606060782e+04
9.085858585858586594e+04
9.111111111111110949e+04
9.136363636363636761e+04
9.161616161616161116e+04
9.186868686868686927e+04
9.212121212121212739e+04
9.237373737373737094e+04
9.262626262626262906e+04
9.287878787878787261e+04
9.313131313131313073e+04
9.338383838383838884e+04
9.363636363636363239e+04
9.388888888888889051e+04
9.414141414141413406e+04
9.439393939393939218e+04
9.464646464646465029e+04
9.489898989898989385e+04
9.515151515151515196e+04
9.540404040404039552e+04
9.565656565656565363e+04
9.590909090909091174e+04
9.616161616161615530e+04
9.641414141414141341e+04
9.666666666666665697e+04
9.691919191919191508e+04
9.717171717171717319e+04
9.742424242424243130e+04
9.767676767676767486e+04
9.792929292929293297e+04
9.818181818181817653e+04
9.843434343434343464e+04
9.868686868686869275e+04
9.893939393939393631e+04
9.919191919191919442e+04
9.944444444444443798e+04
9.969696969696969609e+04
9.994949494949495420e+04
1.002020202020201978e+05
1.004545454545454559e+05
1.007070707070706994e+05
1.009595959595959575e+05
1.012121212121212156e+05
1.014646464646464592e+05
1.017171717171717173e+05
1.019696969696969609e+05
1.022222222222222190e+05
1.024747474747474771e+05
1.027272727272727207e+05
1.029797979797979788e+05
1.032323232323232223e+05
1.034848484848484804e+05
1.037373737373737385e+05
1.039898989898989967e+05
1.042424242424242402e+05
1.044949494949494983e+05
1.047474747474747419e+05
1.050000000000000000e+05
