1.000000000000000000e+00
1.000000000000000000e+00
1.000000000000000000e+00
9.949999999999998845e-01
9.799999999999998712e-01
9.649999999999998579e-01
9.499999999999999556e-01
9.299999999999999378e-01
9.050000000000000266e-01
8.750000000000000000e-01
8.300000000000000711e-01
8.099999999999999423e-01
8.300000000000000711e-01
8.400000000000000799e-01
8.400000000000000799e-01
8.399999999999998579e-01
8.600000000000000977e-01
8.550000000000000933e-01
8.349999999999999645e-01
8.400000000000000799e-01
8.499999999999999778e-01
8.649999999999999911e-01
8.550000000000000933e-01
8.800000000000001155e-01
9.000000000000000222e-01
9.049999999999999156e-01
9.150000000000000355e-01
9.200000000000001510e-01
9.650000000000000799e-01
9.749999999999999778e-01
9.800000000000000933e-01
9.850000000000000977e-01
1.000000000000000000e+00
1.000000000000000000e+00
1.000000000000000000e+00
9.899999999999999911e-01
9.800000000000000933e-01
9.699999999999999734e-01
9.699999999999999734e-01
9.699999999999999734e-01
9.200000000000001510e-01
9.200000000000001510e-01
9.200000000000001510e-01
9.200000000000001510e-01
9.200000000000001510e-01
8.699999999999998845e-01
8.699999999999998845e-01
8.699999999999998845e-01
8.699999999999998845e-01
8.199999999999999512e-01
8.199999999999999512e-01
8.199999999999999512e-01
7.699999999999999067e-01
7.699999999999999067e-01
7.699999999999999067e-01
7.699999999999999067e-01
7.699999999999999067e-01
7.699999999999999067e-01
7.699999999999999067e-01
7.699999999999999067e-01
7.699999999999999067e-01
7.699999999999999067e-01
7.699999999999999067e-01
7.699999999999999067e-01
7.699999999999999067e-01
7.699999999999999067e-01
7.199999999999999734e-01
7.000000000000000666e-01
7.000000000000000666e-01
7.000000000000000666e-01
7.000000000000000666e-01
7.500000000000000000e-01
7.500000000000000000e-01
7.500000000000000000e-01
7.500000000000000000e-01
7.500000000000000000e-01
7.500000000000000000e-01
7.500000000000000000e-01
7.999999999999999334e-01
7.999999999999999334e-01
7.999999999999999334e-01
7.999999999999999334e-01
7.999999999999999334e-01
7.999999999999999334e-01
7.999999999999999334e-01
7.999999999999999334e-01
8.499999999999998668e-01
8.499999999999998668e-01
9.000000000000001332e-01
9.000000000000001332e-01
9.000000000000001332e-01
9.499999999999999556e-01
9.499999999999999556e-01
1.000000000000000000e+00
1.000000000000000000e+00
1.000000000000000000e+00
1.000000000000000000e+00
1.000000000000000000e+00
1.000000000000000000e+00
1.000000000000000000e+00
