1.000000000000000000e+00
1.000000000000000000e+00
9.959999999999999964e-01
9.769999999999999796e-01
9.550000000000001821e-01
9.329999999999999405e-01
9.209999999999999298e-01
8.970000000000001306e-01
8.850000000000002309e-01
8.650000000000001021e-01
8.469999999999999751e-01
8.669999999999998819e-01
8.790000000000000036e-01
8.849999999999998979e-01
8.830000000000000071e-01
8.930000000000001270e-01
8.929999999999997939e-01
8.970000000000000195e-01
9.069999999999999174e-01
9.030000000000001359e-01
9.209999999999999298e-01
9.360000000000002762e-01
9.399999999999999467e-01
9.559999999999996279e-01
9.569999999999997398e-01
9.630000000000000782e-01
9.730000000000004201e-01
9.880000000000001004e-01
9.940000000000001057e-01
9.990000000000001101e-01
9.990000000000001101e-01
1.000000000000000000e+00
1.000000000000000000e+00
1.000000000000000000e+00
1.000000000000000000e+00
1.000000000000000000e+00
9.969999999999998863e-01
9.530000000000007354e-01
9.530000000000007354e-01
9.530000000000007354e-01
9.029999999999992477e-01
9.029999999999992477e-01
9.029999999999992477e-01
9.029999999999992477e-01
9.029999999999992477e-01
8.530000000000006466e-01
8.530000000000006466e-01
8.530000000000006466e-01
8.530000000000006466e-01
8.029999999999998250e-01
8.029999999999998250e-01
8.029999999999998250e-01
7.530000000000001137e-01
7.530000000000001137e-01
7.530000000000001137e-01
7.530000000000001137e-01
7.530000000000001137e-01
7.530000000000001137e-01
7.530000000000001137e-01
7.530000000000001137e-01
7.530000000000001137e-01
7.530000000000001137e-01
7.530000000000001137e-01
7.530000000000001137e-01
7.530000000000001137e-01
7.530000000000001137e-01
7.029999999999998472e-01
6.999999999999998446e-01
6.999999999999998446e-01
6.999999999999998446e-01
6.999999999999998446e-01
7.500000000000000000e-01
7.500000000000000000e-01
7.500000000000000000e-01
7.500000000000000000e-01
7.500000000000000000e-01
7.500000000000000000e-01
7.500000000000000000e-01
7.999999999999997113e-01
7.999999999999997113e-01
7.999999999999997113e-01
7.999999999999997113e-01
7.999999999999997113e-01
7.999999999999997113e-01
7.999999999999997113e-01
7.999999999999997113e-01
8.500000000000007550e-01
8.500000000000007550e-01
8.999999999999991340e-01
8.999999999999991340e-01
8.999999999999991340e-01
9.500000000000006217e-01
9.500000000000006217e-01
1.000000000000000000e+00
1.000000000000000000e+00
1.000000000000000000e+00
1.000000000000000000e+00
1.000000000000000000e+00
1.000000000000000000e+00
1.000000000000000000e+00
